Calling LoadDataSet
LoadDataSet function took 38082.270 ms
10
MRMR
svm.SVC
Selecting features with genetic algorithm.
gen	nevals	avg                      	std                      	min                      	max                      
0  	50    	[ 0.68352778  5.06      ]	[ 0.00360052  1.64207186]	[ 0.67083333  1.        ]	[ 0.70555556  8.        ]
1  	34    	[ 0.68352778  3.88      ]	[ 0.00360052  1.2749902 ]	[ 0.67083333  1.        ]	[ 0.70555556  6.        ]
2  	26    	[ 0.68508333  3.02      ]	[ 0.00648366  1.22458156]	[ 0.67083333  1.        ]	[ 0.70555556  5.        ]
3  	32    	[-399.34111111    2.26      ]	[  1.95972629e+03   1.07349895e+00]	[-10000.      0.]        	[ 0.70555556  5.        ]
4  	25    	[-399.33872222    1.74      ]	[  1.95972678e+03   8.67409938e-01]	[-10000.      0.]        	[ 0.70555556  4.        ]
5  	28    	[-199.32038889    1.38      ]	[  1.40009709e+03   5.96322061e-01]	[-10000.      0.]        	[ 0.70555556  3.        ]
6  	19    	[-199.31455556    1.14      ]	[  1.40009792e+03   4.47660586e-01]	[-10000.      0.]        	[ 0.70555556  3.        ]
7  	29    	[ 0.70330556  1.12      ]    	[ 0.00715185  0.51536395]          	[ 0.67083333  1.        ]	[ 0.70555556  4.        ]
8  	27    	[ 0.70422222  1.06      ]    	[ 0.00527749  0.23748684]          	[ 0.68333333  1.        ]	[ 0.70555556  2.        ]
9  	26    	[ 0.70444444  1.04      ]    	[ 0.00458123  0.19595918]          	[ 0.68333333  1.        ]	[ 0.70555556  2.        ]
10 	28    	[ 0.70333333  1.16      ]    	[ 0.00666667  0.50438081]          	[ 0.68333333  1.        ]	[ 0.70555556  3.        ]
11 	30    	[ 0.70288889  1.1       ]    	[ 0.00722137  0.3       ]          	[ 0.68333333  1.        ]	[ 0.70555556  2.        ]
12 	27    	[ 0.70511111  1.02      ]    	[ 0.00311111  0.14      ]          	[ 0.68333333  1.        ]	[ 0.70555556  2.        ]
13 	28    	[ 0.70377778  1.1       ]    	[ 0.00602874  0.36055513]          	[ 0.68333333  1.        ]	[ 0.70555556  3.        ]
14 	23    	[ 0.70377778  1.08      ]    	[ 0.00602874  0.2712932 ]          	[ 0.68333333  1.        ]	[ 0.70555556  2.        ]
15 	30    	[ 0.70333333  1.14      ]    	[ 0.00666667  0.44766059]          	[ 0.68333333  1.        ]	[ 0.70555556  3.        ]
16 	31    	[ 0.70422222  1.08      ]    	[ 0.00527749  0.33704599]          	[ 0.68333333  1.        ]	[ 0.70555556  3.        ]
17 	34    	[-199.31166667    1.14      ]	[  1.40009833e+03   4.47660586e-01]	[-10000.      0.]        	[ 0.70555556  3.        ]
18 	30    	[ 0.70377778  1.1       ]    	[ 0.00602874  0.36055513]          	[ 0.68333333  1.        ]	[ 0.70555556  3.        ]
19 	38    	[-199.31033333    1.1       ]	[  1.40009852e+03   4.58257569e-01]	[-10000.      0.]        	[ 0.70555556  3.        ]
20 	34    	[-199.31077778    1.1       ]	[  1.40009846e+03   4.12310563e-01]	[-10000.      0.]        	[ 0.70555556  3.        ]
21 	25    	[-399.32311111    0.98      ]	[  1.95972996e+03   2.44131112e-01]	[-10000.      0.]        	[ 0.70555556  2.        ]
22 	36    	[ 0.70288889  1.12      ]    	[ 0.00722137  0.32496154]          	[ 0.68333333  1.        ]	[ 0.70555556  2.        ]
23 	22    	[ 0.70422222  1.06      ]    	[ 0.00527749  0.23748684]          	[ 0.68333333  1.        ]	[ 0.70555556  2.        ]
24 	24    	[ 0.70555556  1.        ]    	[  1.11022302e-16   0.00000000e+00]	[ 0.70555556  1.        ]	[ 0.70555556  1.        ]
25 	23    	[ 0.70511111  1.02      ]    	[ 0.00311111  0.14      ]          	[ 0.68333333  1.        ]	[ 0.70555556  2.        ]
26 	28    	[ 0.70333333  1.1       ]    	[ 0.00666667  0.3       ]          	[ 0.68333333  1.        ]	[ 0.70555556  2.        ]
27 	36    	[-199.31166667    1.16      ]	[  1.40009833e+03   5.04380809e-01]	[-10000.      0.]        	[ 0.70555556  3.        ]
28 	20    	[ 0.70377778  1.1       ]    	[ 0.00602874  0.36055513]          	[ 0.68333333  1.        ]	[ 0.70555556  3.        ]
29 	29    	[-199.31166667    1.14      ]	[  1.40009833e+03   5.29528092e-01]	[-10000.      0.]        	[ 0.70555556  4.        ]
30 	26    	[ 0.70377778  1.1       ]    	[ 0.00602874  0.36055513]          	[ 0.68333333  1.        ]	[ 0.70555556  3.        ]
31 	31    	[ 0.70288889  1.1       ]    	[ 0.00722137  0.3       ]          	[ 0.68333333  1.        ]	[ 0.70555556  2.        ]
32 	23    	[ 0.70352778  1.08      ]    	[ 0.00704488  0.33704599]          	[ 0.67083333  1.        ]	[ 0.70555556  3.        ]
33 	27    	[-199.31122222    1.1       ]	[  1.40009840e+03   3.60555128e-01]	[-10000.      0.]        	[ 0.70555556  2.        ]
34 	26    	[ 0.70377778  1.08      ]    	[ 0.00602874  0.2712932 ]          	[ 0.68333333  1.        ]	[ 0.70555556  2.        ]
35 	32    	[ 0.70422222  1.06      ]    	[ 0.00527749  0.23748684]          	[ 0.68333333  1.        ]	[ 0.70555556  2.        ]
36 	24    	[-199.30855556    0.98      ]	[  1.40009878e+03   1.40000000e-01]	[-10000.      0.]        	[ 0.70555556  1.        ]
37 	32    	[ 0.70377778  1.1       ]    	[ 0.00602874  0.36055513]          	[ 0.68333333  1.        ]	[ 0.70555556  3.        ]
38 	29    	[ 0.70422222  1.08      ]    	[ 0.00527749  0.33704599]          	[ 0.68333333  1.        ]	[ 0.70555556  3.        ]
39 	28    	[ 0.70288889  1.12      ]    	[ 0.00722137  0.32496154]          	[ 0.68333333  1.        ]	[ 0.70555556  2.        ]
40 	28    	[-199.309    1.02 ]          	[  1.40009871e+03   3.15594677e-01]	[-10000.      0.]        	[ 0.70555556  3.        ]
Number of features selected:  1
Selected features indexes are: [False False False False False False False  True False False]
50
MRMR
svm.SVC
Selecting features with genetic algorithm.
gen	nevals	avg                        	std                                	min                        	max                        
0  	50    	[  0.68333333  25.14      ]	[  1.11022302e-16   3.69870248e+00]	[  0.68333333  18.        ]	[  0.68333333  33.        ]
1  	26    	[  0.68333333  21.56      ]	[  1.11022302e-16   2.92684130e+00]	[  0.68333333  15.        ]	[  0.68333333  28.        ]
2  	26    	[  0.68333333  19.48      ]	[  1.11022302e-16   2.80171376e+00]	[  0.68333333  13.        ]	[  0.68333333  26.        ]
3  	33    	[  0.68333333  16.8       ]	[  1.11022302e-16   2.43310501e+00]	[  0.68333333  13.        ]	[  0.68333333  25.        ]
4  	32    	[  0.68333333  15.08      ]	[  1.11022302e-16   2.05757138e+00]	[  0.68333333  10.        ]	[  0.68333333  20.        ]
5  	36    	[  0.68333333  13.74      ]	[  1.11022302e-16   1.58505520e+00]	[  0.68333333  10.        ]	[  0.68333333  18.        ]
6  	28    	[  0.68333333  12.66      ]	[  1.11022302e-16   1.36543034e+00]	[  0.68333333  10.        ]	[  0.68333333  16.        ]
7  	30    	[  0.68333333  11.84      ]	[  1.11022302e-16   1.52787434e+00]	[ 0.68333333  8.        ]  	[  0.68333333  16.        ]
8  	30    	[  0.68333333  10.92      ]	[  1.11022302e-16   1.48108069e+00]	[ 0.68333333  8.        ]  	[  0.68333333  15.        ]
9  	29    	[ 0.68333333  9.84      ]  	[  1.11022302e-16   1.43331783e+00]	[ 0.68333333  6.        ]  	[  0.68333333  14.        ]
10 	28    	[ 0.68333333  9.04      ]  	[  1.11022302e-16   1.76589920e+00]	[ 0.68333333  4.        ]  	[  0.68333333  14.        ]
11 	23    	[ 0.68333333  7.84      ]  	[  1.11022302e-16   1.40513345e+00]	[ 0.68333333  4.        ]  	[  0.68333333  11.        ]
12 	27    	[ 0.68333333  7.08      ]  	[  1.11022302e-16   2.01831613e+00]	[ 0.68333333  3.        ]  	[  0.68333333  12.        ]
13 	29    	[ 0.68333333  5.96      ]  	[  1.11022302e-16   1.57429349e+00]	[ 0.68333333  3.        ]  	[  0.68333333  11.        ]
14 	32    	[ 0.68333333  4.86      ]  	[  1.11022302e-16   1.52328592e+00]	[ 0.68333333  3.        ]  	[ 0.68333333  9.        ]  
15 	20    	[ 0.68333333  4.26      ]  	[  1.11022302e-16   1.27765410e+00]	[ 0.68333333  3.        ]  	[ 0.68333333  8.        ]  
16 	25    	[ 0.68333333  4.1       ]  	[  1.11022302e-16   1.72336879e+00]	[ 0.68333333  2.        ]  	[  0.68333333  12.        ]
17 	28    	[ 0.68333333  3.42      ]  	[  1.11022302e-16   1.70985379e+00]	[ 0.68333333  2.        ]  	[  0.68333333  12.        ]
18 	27    	[ 0.68333333  3.02      ]  	[  1.11022302e-16   1.24080619e+00]	[ 0.68333333  2.        ]  	[ 0.68333333  8.        ]  
19 	35    	[ 0.68333333  2.74      ]  	[  1.11022302e-16   1.19682914e+00]	[ 0.68333333  1.        ]  	[ 0.68333333  7.        ]  
20 	30    	[ 0.68333333  2.6       ]  	[  1.11022302e-16   1.37113092e+00]	[ 0.68333333  1.        ]  	[ 0.68333333  7.        ]  
21 	34    	[-199.33033333    2.08      ]	[  1.40009567e+03   1.32423563e+00]	[-10000.      0.]          	[ 0.68333333  8.        ]  
22 	31    	[ 0.68333333  1.82      ]    	[  1.11022302e-16   1.19482216e+00]	[ 0.68333333  1.        ]  	[ 0.68333333  6.        ]  
23 	29    	[ 0.68333333  1.24      ]    	[  1.11022302e-16   6.80000000e-01]	[ 0.68333333  1.        ]  	[ 0.68333333  5.        ]  
24 	29    	[ 0.68333333  1.52      ]    	[  1.11022302e-16   1.13560557e+00]	[ 0.68333333  1.        ]  	[ 0.68333333  5.        ]  
25 	33    	[ 0.68333333  1.66      ]    	[  1.11022302e-16   1.24273891e+00]	[ 0.68333333  1.        ]  	[ 0.68333333  6.        ]  
26 	31    	[ 0.68333333  1.56      ]    	[  1.11022302e-16   1.38794813e+00]	[ 0.68333333  1.        ]  	[ 0.68333333  7.        ]  
27 	39    	[-199.33033333    1.44      ]	[  1.40009567e+03   1.15169440e+00]	[-10000.      0.]          	[ 0.68333333  6.        ]  
28 	31    	[ 0.68333333  1.56      ]    	[  1.11022302e-16   1.20266371e+00]	[ 0.68333333  1.        ]  	[ 0.68333333  5.        ]  
29 	35    	[ 0.68333333  1.38      ]    	[  1.11022302e-16   8.91964125e-01]	[ 0.68333333  1.        ]  	[ 0.68333333  5.        ]  
30 	31    	[ 0.68333333  1.24      ]    	[  1.11022302e-16   7.63151361e-01]	[ 0.68333333  1.        ]  	[ 0.68333333  4.        ]  
31 	35    	[ 0.68333333  1.78      ]    	[  1.11022302e-16   1.30061524e+00]	[ 0.68333333  1.        ]  	[ 0.68333333  6.        ]  
32 	28    	[ 0.68333333  1.28      ]    	[  1.11022302e-16   8.00999376e-01]	[ 0.68333333  1.        ]  	[ 0.68333333  4.        ]  
33 	25    	[ 0.68333333  1.6       ]    	[  1.11022302e-16   1.34164079e+00]	[ 0.68333333  1.        ]  	[ 0.68333333  6.        ]  
34 	29    	[ 0.68333333  1.66      ]    	[  1.11022302e-16   1.32075736e+00]	[ 0.68333333  1.        ]  	[ 0.68333333  6.        ]  
35 	28    	[ 0.68333333  1.42      ]    	[  1.11022302e-16   1.09708705e+00]	[ 0.68333333  1.        ]  	[ 0.68333333  6.        ]  
36 	30    	[ 0.68333333  1.66      ]    	[  1.11022302e-16   1.30552671e+00]	[ 0.68333333  1.        ]  	[ 0.68333333  6.        ]  
37 	35    	[ 0.68333333  1.6       ]    	[  1.11022302e-16   1.21655251e+00]	[ 0.68333333  1.        ]  	[ 0.68333333  5.        ]  
38 	31    	[ 0.68333333  1.44      ]    	[  1.11022302e-16   9.83056458e-01]	[ 0.68333333  1.        ]  	[ 0.68333333  5.        ]  
39 	31    	[ 0.68333333  1.46      ]    	[  1.11022302e-16   9.84073168e-01]	[ 0.68333333  1.        ]  	[ 0.68333333  5.        ]  
40 	27    	[ 0.68333333  1.38      ]    	[  1.11022302e-16   9.56869897e-01]	[ 0.68333333  1.        ]  	[ 0.68333333  5.        ]  
Number of features selected:  1
Selected features indexes are: [False False False False False False False False False False False False
 False False False False False False False False False False False False
 False  True False False False False False False False False False False
 False False False False False False False False False False False False
 False False]
100
MRMR
svm.SVC
Selecting features with genetic algorithm.
gen	nevals	avg                        	std                                	min                        	max                        
0  	50    	[  0.68333333  50.42      ]	[  1.11022302e-16   4.82530828e+00]	[  0.68333333  41.        ]	[  0.68333333  62.        ]
1  	30    	[  0.68333333  46.38      ]	[  1.11022302e-16   3.72499664e+00]	[  0.68333333  39.        ]	[  0.68333333  56.        ]
2  	34    	[  0.68333333  43.26      ]	[  1.11022302e-16   2.76990975e+00]	[  0.68333333  37.        ]	[  0.68333333  49.        ]
3  	25    	[  0.68333333  40.98      ]	[  1.11022302e-16   2.75310734e+00]	[  0.68333333  36.        ]	[  0.68333333  50.        ]
4  	29    	[  0.68333333  38.74      ]	[  1.11022302e-16   2.48845333e+00]	[  0.68333333  34.        ]	[  0.68333333  46.        ]
5  	23    	[  0.68333333  37.16      ]	[  1.11022302e-16   2.53266658e+00]	[  0.68333333  31.        ]	[  0.68333333  46.        ]
6  	27    	[  0.68333333  35.22      ]	[  1.11022302e-16   2.57130317e+00]	[  0.68333333  28.        ]	[  0.68333333  42.        ]
7  	26    	[  0.68333333  33.2       ]	[  1.11022302e-16   2.74226184e+00]	[  0.68333333  28.        ]	[  0.68333333  45.        ]
8  	31    	[  0.68333333  31.42      ]	[  1.11022302e-16   2.81488899e+00]	[  0.68333333  24.        ]	[  0.68333333  38.        ]
9  	37    	[  0.68333333  29.4       ]	[  1.11022302e-16   2.20907220e+00]	[  0.68333333  24.        ]	[  0.68333333  34.        ]
10 	31    	[  0.68333333  28.06      ]	[  1.11022302e-16   2.35295559e+00]	[  0.68333333  22.        ]	[  0.68333333  37.        ]
11 	31    	[  0.68333333  26.6       ]	[  1.11022302e-16   2.33238076e+00]	[  0.68333333  21.        ]	[  0.68333333  33.        ]
12 	31    	[  0.68333333  24.92      ]	[  1.11022302e-16   2.58333118e+00]	[  0.68333333  18.        ]	[  0.68333333  32.        ]
13 	32    	[  0.68333333  23.24      ]	[  1.11022302e-16   2.51841220e+00]	[  0.68333333  18.        ]	[  0.68333333  28.        ]
14 	27    	[  0.68333333  21.66      ]	[  1.11022302e-16   2.60468808e+00]	[  0.68333333  17.        ]	[  0.68333333  29.        ]
15 	34    	[  0.68333333  20.54      ]	[  1.11022302e-16   2.10912304e+00]	[  0.68333333  17.        ]	[  0.68333333  26.        ]
16 	29    	[  0.68333333  18.94      ]	[  1.11022302e-16   1.94329617e+00]	[  0.68333333  16.        ]	[  0.68333333  25.        ]
17 	21    	[  0.68333333  17.86      ]	[  1.11022302e-16   1.99007538e+00]	[  0.68333333  14.        ]	[  0.68333333  24.        ]
18 	31    	[  0.68333333  17.14      ]	[  1.11022302e-16   2.29791210e+00]	[  0.68333333  11.        ]	[  0.68333333  23.        ]
19 	32    	[  0.68333333  16.66      ]	[  1.11022302e-16   2.59699827e+00]	[  0.68333333  11.        ]	[  0.68333333  24.        ]
20 	25    	[  0.68333333  14.98      ]	[  1.11022302e-16   1.98484256e+00]	[  0.68333333  11.        ]	[  0.68333333  21.        ]
21 	19    	[  0.68333333  14.14      ]	[  1.11022302e-16   2.42495361e+00]	[  0.68333333  11.        ]	[  0.68333333  22.        ]
22 	36    	[  0.68333333  12.92      ]	[  1.11022302e-16   1.94771661e+00]	[  0.68333333  10.        ]	[  0.68333333  21.        ]
23 	33    	[  0.68333333  12.1       ]	[  1.11022302e-16   1.87882942e+00]	[  0.68333333  10.        ]	[  0.68333333  18.        ]
24 	29    	[  0.68333333  11.82      ]	[  1.11022302e-16   2.62061062e+00]	[ 0.68333333  9.        ]  	[  0.68333333  21.        ]
25 	33    	[  0.68333333  10.9       ]	[  1.11022302e-16   1.52643375e+00]	[ 0.68333333  8.        ]  	[  0.68333333  17.        ]
26 	33    	[  0.68333333  10.88      ]	[  1.11022302e-16   2.11319663e+00]	[ 0.68333333  8.        ]  	[  0.68333333  19.        ]
27 	32    	[  0.68333333  10.06      ]	[  1.11022302e-16   1.66625328e+00]	[ 0.68333333  8.        ]  	[  0.68333333  17.        ]
28 	26    	[ 0.68333333  9.56      ]  	[  1.11022302e-16   1.71067238e+00]	[ 0.68333333  7.        ]  	[  0.68333333  15.        ]
29 	26    	[ 0.68333333  8.98      ]  	[  1.11022302e-16   1.51644321e+00]	[ 0.68333333  6.        ]  	[  0.68333333  14.        ]
30 	32    	[ 0.68333333  8.88      ]  	[  1.11022302e-16   2.29468952e+00]	[ 0.68333333  6.        ]  	[  0.68333333  16.        ]
31 	31    	[ 0.68333333  8.1       ]  	[  1.11022302e-16   1.99248588e+00]	[ 0.68333333  6.        ]  	[  0.68333333  14.        ]
32 	28    	[ 0.68333333  7.58      ]  	[  1.11022302e-16   2.16416266e+00]	[ 0.68333333  6.        ]  	[  0.68333333  14.        ]
33 	39    	[ 0.68333333  7.1       ]  	[  1.11022302e-16   2.04205779e+00]	[ 0.68333333  5.        ]  	[  0.68333333  14.        ]
34 	33    	[ 0.68333333  7.06      ]  	[  1.11022302e-16   2.18549765e+00]	[ 0.68333333  5.        ]  	[  0.68333333  13.        ]
35 	29    	[ 0.68333333  6.42      ]  	[  1.11022302e-16   2.08892317e+00]	[ 0.68333333  4.        ]  	[  0.68333333  17.        ]
36 	28    	[ 0.68333333  6.02      ]  	[  1.11022302e-16   2.20445004e+00]	[ 0.68333333  3.        ]  	[  0.68333333  14.        ]
37 	27    	[ 0.68333333  5.44      ]  	[  1.11022302e-16   2.01156655e+00]	[ 0.68333333  3.        ]  	[  0.68333333  12.        ]
38 	21    	[ 0.68333333  5.42      ]  	[  1.11022302e-16   2.43384470e+00]	[ 0.68333333  3.        ]  	[  0.68333333  13.        ]
39 	29    	[ 0.68333333  4.64      ]  	[  1.11022302e-16   2.10485154e+00]	[ 0.68333333  3.        ]  	[  0.68333333  14.        ]
40 	38    	[ 0.68333333  4.36      ]  	[  1.11022302e-16   2.17954124e+00]	[ 0.68333333  3.        ]  	[  0.68333333  14.        ]
Number of features selected:  3
Selected features indexes are: [ True False False False False False False False False False False False
 False False False False False False False False False False False False
 False False False False False False False False False False False False
 False False False False False False False False  True False False False
 False False False False False False False False False False  True False
 False False False False False False False False False False False False
 False False False False False False False False False False False False
 False False False False False False False False False False False False
 False False False False]
150
MRMR
svm.SVC
Selecting features with genetic algorithm.
gen	nevals	avg                        	std                                	min                        	max                        
0  	50    	[  0.68333333  74.34      ]	[  1.11022302e-16   5.19079955e+00]	[  0.68333333  66.        ]	[  0.68333333  87.        ]
1  	30    	[  0.68333333  70.3       ]	[  1.11022302e-16   3.83275358e+00]	[  0.68333333  63.        ]	[  0.68333333  80.        ]
2  	24    	[  0.68333333  67.44      ]	[  1.11022302e-16   3.61751296e+00]	[  0.68333333  60.        ]	[  0.68333333  79.        ]
3  	31    	[  0.68333333  64.74      ]	[  1.11022302e-16   2.74087577e+00]	[  0.68333333  59.        ]	[  0.68333333  70.        ]
4  	30    	[  0.68333333  62.4       ]	[  1.11022302e-16   4.14728827e+00]	[  0.68333333  54.        ]	[  0.68333333  75.        ]
5  	34    	[  0.68333333  59.34      ]	[  1.11022302e-16   3.47338452e+00]	[  0.68333333  48.        ]	[  0.68333333  67.        ]
6  	26    	[  0.68333333  57.02      ]	[  1.11022302e-16   3.71747226e+00]	[  0.68333333  44.        ]	[  0.68333333  63.        ]
7  	33    	[  0.68333333  54.32      ]	[  1.11022302e-16   3.77062329e+00]	[  0.68333333  46.        ]	[  0.68333333  63.        ]
8  	28    	[  0.68333333  51.22      ]	[  1.11022302e-16   4.00644481e+00]	[  0.68333333  43.        ]	[  0.68333333  63.        ]
9  	28    	[  0.68333333  47.64      ]	[  1.11022302e-16   2.89661872e+00]	[  0.68333333  40.        ]	[  0.68333333  53.        ]
10 	23    	[  0.68333333  45.34      ]	[  1.11022302e-16   3.08940124e+00]	[  0.68333333  38.        ]	[  0.68333333  52.        ]
11 	26    	[  0.68333333  43.82      ]	[  1.11022302e-16   2.88922135e+00]	[  0.68333333  38.        ]	[  0.68333333  53.        ]
12 	30    	[  0.68333333  42.42      ]	[  1.11022302e-16   3.32920411e+00]	[  0.68333333  37.        ]	[  0.68333333  55.        ]
13 	29    	[  0.68333333  40.96      ]	[  1.11022302e-16   3.34640105e+00]	[  0.68333333  35.        ]	[  0.68333333  51.        ]
14 	28    	[  0.68333333  39.1       ]	[  1.11022302e-16   2.23830293e+00]	[  0.68333333  35.        ]	[  0.68333333  45.        ]
15 	33    	[  0.68333333  38.1       ]	[  1.11022302e-16   3.14483704e+00]	[  0.68333333  32.        ]	[  0.68333333  46.        ]
16 	20    	[  0.68333333  36.5       ]	[  1.11022302e-16   3.57351368e+00]	[  0.68333333  32.        ]	[  0.68333333  49.        ]
17 	35    	[  0.68333333  35.34      ]	[  1.11022302e-16   2.77568010e+00]	[  0.68333333  31.        ]	[  0.68333333  42.        ]
18 	28    	[  0.68333333  34.1       ]	[  1.11022302e-16   3.02158899e+00]	[  0.68333333  29.        ]	[  0.68333333  43.        ]
19 	24    	[  0.68333333  32.68      ]	[  1.11022302e-16   2.84562823e+00]	[  0.68333333  28.        ]	[  0.68333333  40.        ]
20 	28    	[  0.68333333  31.24      ]	[  1.11022302e-16   3.29581553e+00]	[  0.68333333  27.        ]	[  0.68333333  44.        ]
21 	25    	[  0.68333333  29.84      ]	[  1.11022302e-16   2.75942023e+00]	[  0.68333333  25.        ]	[  0.68333333  41.        ]
22 	31    	[  0.68333333  28.58      ]	[  1.11022302e-16   2.35023403e+00]	[  0.68333333  25.        ]	[  0.68333333  35.        ]
23 	32    	[  0.68333333  27.9       ]	[  1.11022302e-16   2.83019434e+00]	[  0.68333333  24.        ]	[  0.68333333  36.        ]
24 	31    	[  0.68333333  27.        ]	[  1.11022302e-16   2.89136646e+00]	[  0.68333333  22.        ]	[  0.68333333  36.        ]
25 	30    	[  0.68333333  26.16      ]	[  1.11022302e-16   2.43606240e+00]	[  0.68333333  22.        ]	[  0.68333333  32.        ]
26 	31    	[  0.68333333  26.        ]	[  1.11022302e-16   2.95296461e+00]	[  0.68333333  22.        ]	[  0.68333333  34.        ]
27 	31    	[  0.68333333  24.36      ]	[  1.11022302e-16   2.33888862e+00]	[  0.68333333  21.        ]	[  0.68333333  33.        ]
28 	32    	[  0.68333333  23.36      ]	[  1.11022302e-16   2.28700678e+00]	[  0.68333333  18.        ]	[  0.68333333  31.        ]
29 	33    	[  0.68333333  22.8       ]	[  1.11022302e-16   2.87749891e+00]	[  0.68333333  18.        ]	[  0.68333333  31.        ]
30 	29    	[  0.68333333  23.08      ]	[  1.11022302e-16   3.91325951e+00]	[  0.68333333  18.        ]	[  0.68333333  36.        ]
31 	30    	[  0.68333333  21.3       ]	[  1.11022302e-16   2.74408455e+00]	[  0.68333333  18.        ]	[  0.68333333  30.        ]
32 	31    	[  0.68333333  20.96      ]	[  1.11022302e-16   2.47353997e+00]	[  0.68333333  18.        ]	[  0.68333333  29.        ]
33 	40    	[  0.68333333  21.42      ]	[  1.11022302e-16   3.48763530e+00]	[  0.68333333  16.        ]	[  0.68333333  33.        ]
34 	23    	[  0.68333333  20.14      ]	[  1.11022302e-16   2.95303234e+00]	[  0.68333333  16.        ]	[  0.68333333  28.        ]
35 	32    	[  0.68333333  18.56      ]	[  1.11022302e-16   2.07036229e+00]	[  0.68333333  16.        ]	[  0.68333333  25.        ]
36 	28    	[  0.68333333  18.66      ]	[  1.11022302e-16   3.22868394e+00]	[  0.68333333  16.        ]	[  0.68333333  29.        ]
37 	39    	[  0.68333333  17.94      ]	[  1.11022302e-16   3.25828176e+00]	[  0.68333333  15.        ]	[  0.68333333  31.        ]
38 	32    	[  0.68333333  17.66      ]	[  1.11022302e-16   3.08940124e+00]	[  0.68333333  15.        ]	[  0.68333333  27.        ]
39 	39    	[  0.68333333  17.5       ]	[  1.11022302e-16   2.72946881e+00]	[  0.68333333  15.        ]	[  0.68333333  25.        ]
40 	41    	[  0.68333333  17.34      ]	[  1.11022302e-16   3.07642650e+00]	[  0.68333333  15.        ]	[  0.68333333  27.        ]
Number of features selected:  15
Selected features indexes are: [False False  True False  True False  True False False False False False
 False False False False False False False False False False False False
 False False False  True False False  True False False False False False
 False False False False False False False False False False  True False
 False  True False False False False False False False False False False
 False False  True False False  True False False False False False  True
 False False False False False False False  True False False False False
 False False False False False False False False  True False False False
 False False False False False False False False False False False False
 False False False False False False False False False  True False False
 False False False False False False False False False False False False
 False False False False  True False False False False False False  True
 False False False False False False]
200
MRMR
svm.SVC
Selecting features with genetic algorithm.
gen	nevals	avg                          	std                                	min                        	max                          
0  	50    	[   0.68333333  100.74      ]	[  1.11022302e-16   7.13248905e+00]	[  0.68333333  84.        ]	[   0.68333333  115.        ]
1  	35    	[  0.68333333  95.12      ]  	[  1.11022302e-16   5.81253817e+00]	[  0.68333333  86.        ]	[   0.68333333  108.        ]
2  	29    	[  0.68333333  89.98      ]  	[  1.11022302e-16   5.30467718e+00]	[  0.68333333  79.        ]	[   0.68333333  103.        ]
3  	23    	[  0.68333333  85.44      ]  	[  1.11022302e-16   4.05048145e+00]	[  0.68333333  75.        ]	[  0.68333333  95.        ]  
4  	29    	[  0.68333333  82.66      ]  	[  1.11022302e-16   5.18308788e+00]	[  0.68333333  67.        ]	[  0.68333333  95.        ]  
5  	25    	[  0.68333333  77.9       ]  	[  1.11022302e-16   3.97617907e+00]	[  0.68333333  67.        ]	[  0.68333333  86.        ]  
6  	27    	[  0.68333333  74.34      ]  	[  1.11022302e-16   4.10175572e+00]	[  0.68333333  66.        ]	[  0.68333333  83.        ]  
7  	30    	[  0.68333333  70.54      ]  	[  1.11022302e-16   3.97094447e+00]	[  0.68333333  63.        ]	[  0.68333333  81.        ]  
8  	34    	[  0.68333333  69.04      ]  	[  1.11022302e-16   3.37615166e+00]	[  0.68333333  62.        ]	[  0.68333333  77.        ]  
9  	31    	[  0.68333333  67.        ]  	[  1.11022302e-16   2.86356421e+00]	[  0.68333333  62.        ]	[  0.68333333  74.        ]  
10 	27    	[  0.68333333  65.24      ]  	[  1.11022302e-16   2.83943656e+00]	[  0.68333333  55.        ]	[  0.68333333  73.        ]  
11 	37    	[  0.68333333  63.98      ]  	[  1.11022302e-16   3.64686166e+00]	[  0.68333333  55.        ]	[  0.68333333  73.        ]  
12 	29    	[  0.68333333  61.06      ]  	[  1.11022302e-16   3.20256147e+00]	[  0.68333333  54.        ]	[  0.68333333  68.        ]  
13 	28    	[  0.68333333  59.32      ]  	[  1.11022302e-16   3.55775210e+00]	[  0.68333333  52.        ]	[  0.68333333  71.        ]  
14 	28    	[  0.68333333  57.36      ]  	[  1.11022302e-16   3.69193716e+00]	[  0.68333333  50.        ]	[  0.68333333  68.        ]  
15 	28    	[  0.68333333  55.5       ]  	[  1.11022302e-16   3.72155881e+00]	[  0.68333333  49.        ]	[  0.68333333  66.        ]  
16 	24    	[  0.68333333  52.88      ]  	[  1.11022302e-16   2.95052538e+00]	[  0.68333333  48.        ]	[  0.68333333  64.        ]  
17 	35    	[  0.68333333  51.84      ]  	[  1.11022302e-16   3.56852911e+00]	[  0.68333333  47.        ]	[  0.68333333  63.        ]  
18 	31    	[  0.68333333  50.38      ]  	[  1.11022302e-16   2.64491966e+00]	[  0.68333333  44.        ]	[  0.68333333  58.        ]  
19 	38    	[  0.68333333  49.56      ]  	[  1.11022302e-16   3.74785272e+00]	[  0.68333333  43.        ]	[  0.68333333  60.        ]  
20 	33    	[  0.68333333  47.3       ]  	[  1.11022302e-16   3.08706981e+00]	[  0.68333333  43.        ]	[  0.68333333  57.        ]  
21 	35    	[  0.68333333  46.56      ]  	[  1.11022302e-16   3.09941930e+00]	[  0.68333333  41.        ]	[  0.68333333  56.        ]  
22 	30    	[  0.68333333  45.5       ]  	[  1.11022302e-16   3.31813200e+00]	[  0.68333333  40.        ]	[  0.68333333  54.        ]  
23 	30    	[  0.68333333  44.58      ]  	[  1.11022302e-16   3.45305662e+00]	[  0.68333333  40.        ]	[  0.68333333  53.        ]  
24 	37    	[  0.68333333  43.5       ]  	[  1.11022302e-16   3.73764632e+00]	[  0.68333333  39.        ]	[  0.68333333  54.        ]  
25 	27    	[  0.68333333  42.56      ]  	[  1.11022302e-16   3.81659534e+00]	[  0.68333333  37.        ]	[  0.68333333  58.        ]  
26 	22    	[  0.68333333  40.88      ]  	[  1.11022302e-16   2.81879407e+00]	[  0.68333333  34.        ]	[  0.68333333  50.        ]  
27 	29    	[  0.68333333  39.22      ]  	[  1.11022302e-16   2.96168871e+00]	[  0.68333333  33.        ]	[  0.68333333  49.        ]  
28 	23    	[  0.68333333  38.86      ]  	[  1.11022302e-16   3.32872348e+00]	[  0.68333333  34.        ]	[  0.68333333  49.        ]  
29 	29    	[  0.68333333  37.2       ]  	[  1.11022302e-16   3.23728281e+00]	[  0.68333333  33.        ]	[  0.68333333  47.        ]  
30 	34    	[  0.68333333  36.3       ]  	[  1.11022302e-16   3.39558537e+00]	[  0.68333333  31.        ]	[  0.68333333  48.        ]  
31 	25    	[  0.68333333  35.16      ]  	[  1.11022302e-16   3.81764325e+00]	[  0.68333333  29.        ]	[  0.68333333  48.        ]  
32 	31    	[  0.68333333  34.28      ]  	[  1.11022302e-16   4.16192263e+00]	[  0.68333333  28.        ]	[  0.68333333  46.        ]  
33 	26    	[  0.68333333  32.66      ]  	[  1.11022302e-16   3.92739099e+00]	[  0.68333333  27.        ]	[  0.68333333  49.        ]  
34 	26    	[  0.68333333  30.98      ]  	[  1.11022302e-16   3.08214211e+00]	[  0.68333333  27.        ]	[  0.68333333  43.        ]  
35 	35    	[  0.68333333  30.72      ]  	[  1.11022302e-16   3.24370159e+00]	[  0.68333333  27.        ]	[  0.68333333  39.        ]  
36 	30    	[  0.68333333  30.6       ]  	[  1.11022302e-16   4.05462699e+00]	[  0.68333333  27.        ]	[  0.68333333  43.        ]  
37 	33    	[  0.68333333  29.54      ]  	[  1.11022302e-16   3.61778938e+00]	[  0.68333333  25.        ]	[  0.68333333  38.        ]  
38 	32    	[  0.68333333  28.3       ]  	[  1.11022302e-16   3.02820079e+00]	[  0.68333333  24.        ]	[  0.68333333  37.        ]  
39 	28    	[  0.68333333  26.94      ]  	[  1.11022302e-16   2.33589383e+00]	[  0.68333333  23.        ]	[  0.68333333  35.        ]  
40 	35    	[  0.68333333  27.32      ]  	[  1.11022302e-16   4.34253382e+00]	[  0.68333333  22.        ]	[  0.68333333  39.        ]  
Number of features selected:  22
Selected features indexes are: [ True False  True  True False False False False False False False False
 False  True False False  True False False False False  True False False
 False False False False False False False False False False False False
 False False False False False False  True False False False False False
 False False False False False False False False False False False  True
 False False False False False False False False False False False  True
  True False False False False False False False False False False False
 False False False False False False False False  True False False False
 False False False False False False False False False False False False
 False False False False False False False  True False False False False
 False False False False False False False False False False  True False
 False False False False False False False  True False False False  True
 False False False False False False  True False  True False False False
 False False False  True  True False False False False  True False False
 False  True False False False False False False False False False False
 False False False False False  True False False False False False False
 False False False False False False False False]
250
MRMR
svm.SVC
Selecting features with genetic algorithm.
gen	nevals	avg                          	std                                	min                          	max                          
0  	50    	[   0.68333333  126.52      ]	[  1.11022302e-16   7.54517064e+00]	[   0.68333333  111.        ]	[   0.68333333  147.        ]
1  	26    	[   0.68333333  119.38      ]	[  1.11022302e-16   6.79967646e+00]	[   0.68333333  107.        ]	[   0.68333333  132.        ]
2  	31    	[   0.68333333  114.16      ]	[  1.11022302e-16   5.11609226e+00]	[   0.68333333  104.        ]	[   0.68333333  126.        ]
3  	31    	[   0.68333333  109.86      ]	[  1.11022302e-16   4.17617049e+00]	[   0.68333333  100.        ]	[   0.68333333  120.        ]
4  	34    	[   0.68333333  106.44      ]	[  1.11022302e-16   4.49515295e+00]	[   0.68333333  100.        ]	[   0.68333333  118.        ]
5  	29    	[   0.68333333  102.52      ]	[  1.11022302e-16   4.17727184e+00]	[  0.68333333  94.        ]  	[   0.68333333  114.        ]
6  	32    	[   0.68333333  100.06      ]	[  1.11022302e-16   4.52729500e+00]	[  0.68333333  92.        ]  	[   0.68333333  113.        ]
7  	25    	[  0.68333333  97.22      ]  	[  1.11022302e-16   4.51791988e+00]	[  0.68333333  85.        ]  	[   0.68333333  111.        ]
8  	32    	[  0.68333333  93.84      ]  	[  1.11022302e-16   4.36055042e+00]	[  0.68333333  84.        ]  	[   0.68333333  106.        ]
9  	31    	[  0.68333333  91.08      ]  	[  1.11022302e-16   4.91056005e+00]	[  0.68333333  78.        ]  	[   0.68333333  101.        ]
10 	34    	[  0.68333333  87.56      ]  	[  1.11022302e-16   4.67829029e+00]	[  0.68333333  79.        ]  	[  0.68333333  97.        ]  
11 	27    	[  0.68333333  85.2       ]  	[  1.11022302e-16   4.91934955e+00]	[  0.68333333  73.        ]  	[  0.68333333  97.        ]  
12 	29    	[  0.68333333  82.72      ]  	[  1.11022302e-16   5.35178475e+00]	[  0.68333333  73.        ]  	[  0.68333333  96.        ]  
13 	28    	[  0.68333333  79.16      ]  	[  1.11022302e-16   5.28151493e+00]	[  0.68333333  67.        ]  	[  0.68333333  96.        ]  
14 	33    	[  0.68333333  75.68      ]  	[  1.11022302e-16   4.13492442e+00]	[  0.68333333  67.        ]  	[  0.68333333  87.        ]  
15 	32    	[  0.68333333  73.9       ]  	[  1.11022302e-16   4.45533388e+00]	[  0.68333333  65.        ]  	[  0.68333333  85.        ]  
16 	32    	[  0.68333333  70.64      ]  	[  1.11022302e-16   3.48574239e+00]	[  0.68333333  64.        ]  	[  0.68333333  80.        ]  
17 	27    	[  0.68333333  69.08      ]  	[  1.11022302e-16   4.34897689e+00]	[  0.68333333  60.        ]  	[  0.68333333  83.        ]  
18 	28    	[  0.68333333  66.94      ]  	[  1.11022302e-16   3.65190361e+00]	[  0.68333333  60.        ]  	[  0.68333333  78.        ]  
19 	37    	[  0.68333333  65.76      ]  	[  1.11022302e-16   4.06231461e+00]	[  0.68333333  59.        ]  	[  0.68333333  76.        ]  
20 	33    	[  0.68333333  64.62      ]  	[  1.11022302e-16   4.94323781e+00]	[  0.68333333  56.        ]  	[  0.68333333  78.        ]  
21 	32    	[  0.68333333  63.8       ]  	[  1.11022302e-16   5.03189825e+00]	[  0.68333333  56.        ]  	[  0.68333333  81.        ]  
22 	37    	[  0.68333333  61.54      ]  	[  1.11022302e-16   3.87406763e+00]	[  0.68333333  52.        ]  	[  0.68333333  72.        ]  
23 	29    	[  0.68333333  60.26      ]  	[  1.11022302e-16   4.45784701e+00]	[  0.68333333  52.        ]  	[  0.68333333  72.        ]  
24 	29    	[  0.68333333  57.94      ]  	[  1.11022302e-16   3.19004702e+00]	[  0.68333333  51.        ]  	[  0.68333333  68.        ]  
25 	33    	[  0.68333333  56.6       ]  	[  1.11022302e-16   4.31740663e+00]	[  0.68333333  49.        ]  	[  0.68333333  70.        ]  
26 	34    	[  0.68333333  54.18      ]  	[  1.11022302e-16   4.29739456e+00]	[  0.68333333  49.        ]  	[  0.68333333  70.        ]  
27 	31    	[  0.68333333  52.04      ]  	[  1.11022302e-16   3.13662239e+00]	[  0.68333333  46.        ]  	[  0.68333333  61.        ]  
28 	32    	[  0.68333333  51.18      ]  	[  1.11022302e-16   3.46231137e+00]	[  0.68333333  46.        ]  	[  0.68333333  62.        ]  
29 	31    	[  0.68333333  51.1       ]  	[  1.11022302e-16   4.64435141e+00]	[  0.68333333  45.        ]  	[  0.68333333  63.        ]  
30 	34    	[  0.68333333  48.8       ]  	[  1.11022302e-16   4.40454311e+00]	[  0.68333333  44.        ]  	[  0.68333333  64.        ]  
31 	33    	[  0.68333333  47.88      ]  	[  1.11022302e-16   4.22203742e+00]	[  0.68333333  43.        ]  	[  0.68333333  63.        ]  
32 	23    	[  0.68333333  46.16      ]  	[  1.11022302e-16   3.74358117e+00]	[  0.68333333  41.        ]  	[  0.68333333  63.        ]  
33 	32    	[  0.68333333  45.48      ]  	[  1.11022302e-16   3.38372576e+00]	[  0.68333333  40.        ]  	[  0.68333333  55.        ]  
34 	21    	[  0.68333333  44.44      ]  	[  1.11022302e-16   3.11229819e+00]	[  0.68333333  40.        ]  	[  0.68333333  56.        ]  
35 	33    	[  0.68333333  44.02      ]  	[  1.11022302e-16   3.76026595e+00]	[  0.68333333  39.        ]  	[  0.68333333  58.        ]  
36 	36    	[  0.68333333  44.02      ]  	[  1.11022302e-16   4.69250466e+00]	[  0.68333333  37.        ]  	[  0.68333333  54.        ]  
37 	30    	[  0.68333333  42.36      ]  	[  1.11022302e-16   4.32555199e+00]	[  0.68333333  37.        ]  	[  0.68333333  59.        ]  
38 	30    	[  0.68333333  41.46      ]  	[  1.11022302e-16   4.36902735e+00]	[  0.68333333  37.        ]  	[  0.68333333  57.        ]  
39 	38    	[  0.68333333  39.42      ]  	[  1.11022302e-16   3.92474203e+00]	[  0.68333333  33.        ]  	[  0.68333333  59.        ]  
40 	31    	[  0.68333333  38.86      ]  	[  1.11022302e-16   3.58892742e+00]	[  0.68333333  33.        ]  	[  0.68333333  48.        ]  
Number of features selected:  33
Selected features indexes are: [False False False False  True False False False False False False False
 False  True False  True  True False False False False False False False
 False False False False False  True False False False  True False  True
 False False False False False False False False False  True False False
 False False False False False False False False False False False False
  True False False  True False False False False False False False False
 False False False False False False False False  True False False False
 False False False  True  True False False False False False False False
 False False False False  True False False False False False False False
 False False False False  True False False False  True False  True False
 False False False False False False False False False False False False
 False  True False False False False False False False False False  True
 False False False False False False False False  True False False False
 False False False  True False False  True False False False False False
 False False False  True False False False False False False False False
 False  True False False False False False False False False False False
  True False  True False False False False  True False False False False
 False  True False False False False False  True False False False False
 False False False  True False False False False False False False False
 False False False False False False False  True  True False False False
 False False False  True False False False False False False]
10
JMI
svm.SVC
Selecting features with genetic algorithm.
gen	nevals	avg                      	std                      	min                      	max                        
0  	50    	[ 0.68291667  5.52      ]	[ 0.00710509  1.65215011]	[ 0.63888889  1.        ]	[  0.70694444  10.        ]
1  	36    	[ 0.68402778  4.3       ]	[ 0.00362444  0.96436508]	[ 0.68333333  2.        ]	[ 0.70694444  7.        ]  
2  	36    	[ 0.68402778  3.52      ]	[ 0.00362444  0.92173749]	[ 0.68333333  2.        ]	[ 0.70694444  5.        ]  
3  	25    	[ 0.68405556  3.06      ]	[ 0.00913817  1.00816665]	[ 0.63888889  1.        ]	[ 0.70694444  5.        ]  
4  	30    	[ 0.68827778  2.52      ]	[ 0.01354052  1.04383907]	[ 0.63888889  1.        ]	[ 0.73888889  5.        ]  
5  	25    	[-399.33258333    1.88      ]	[  1.95972803e+03   8.63481326e-01]	[-10000.      0.]        	[ 0.7625  4.    ]          
6  	35    	[-599.33477778    1.8       ]	[  2.37503648e+03   7.74596669e-01]	[-10000.      0.]        	[ 0.7625  3.    ]          
7  	31    	[-399.30730556    1.76      ]	[  1.95973319e+03   7.08801806e-01]	[-10000.      0.]        	[ 0.7625  4.    ]          
8  	36    	[-799.32697222    1.46      ]	[  2.71313046e+03   8.53463532e-01]	[-10000.      0.]        	[ 0.7625  5.    ]          
9  	27    	[-399.2825    1.2   ]        	[  1.95973825e+03   6.00000000e-01]	[-10000.      0.]        	[ 0.7625  4.    ]          
10 	31    	[-199.26052778    1.1       ]	[  1.40010564e+03   5.00000000e-01]	[-10000.      0.]        	[ 0.7625  4.    ]          
11 	24    	[-199.25813889    1.08      ]	[  1.40010598e+03   3.91918359e-01]	[-10000.      0.]        	[ 0.7625  3.    ]          
12 	26    	[-399.27230556    1.02      ]	[  1.95974033e+03   3.15594677e-01]	[-10000.      0.]        	[ 0.7625  2.    ]          
13 	35    	[ 0.75841667  1.02      ]    	[ 0.02052251  0.14      ]          	[ 0.6375  1.    ]        	[ 0.7625  2.    ]          
14 	31    	[-199.26244444    1.16      ]	[  1.40010537e+03   5.04380809e-01]	[-10000.      0.]        	[ 0.7625  3.    ]          
15 	26    	[ 0.75616667  1.1       ]    	[ 0.02147738  0.36055513]          	[ 0.68333333  1.        ]	[ 0.7625  3.    ]          
16 	31    	[-199.26383333    1.08      ]	[  1.40010517e+03   3.37045991e-01]	[-10000.      0.]        	[ 0.7625  2.    ]          
17 	33    	[-199.26019444    1.08      ]	[  1.40010569e+03   3.37045991e-01]	[-10000.      0.]        	[ 0.7625  2.    ]          
18 	32    	[-399.27116667    1.        ]	[  1.95974057e+03   2.82842712e-01]	[-10000.      0.]        	[ 0.7625  2.    ]          
19 	37    	[ 0.75663889  1.12      ]    	[ 0.02008525  0.43081318]          	[ 0.68333333  1.        ]	[ 0.7625  3.    ]          
20 	27    	[-399.27816667    1.14      ]	[  1.95973914e+03   5.29528092e-01]	[-10000.      0.]        	[ 0.7625  3.    ]          
21 	27    	[ 0.75711111  1.14      ]    	[ 0.01857717  0.52952809]          	[ 0.68333333  1.        ]	[ 0.7625  4.    ]          
22 	37    	[ 0.75347222  1.16      ]    	[ 0.02463663  0.46303348]          	[ 0.68333333  1.        ]	[ 0.7625  3.    ]          
23 	38    	[ 0.75394444  1.12      ]    	[ 0.02348719  0.32496154]          	[ 0.68333333  1.        ]	[ 0.7625  2.    ]          
24 	29    	[-199.25863889    1.1       ]	[  1.40010591e+03   4.58257569e-01]	[-10000.      0.]        	[ 0.7625  3.    ]          
25 	36    	[ 0.75775  1.06   ]          	[ 0.01880104  0.23748684]          	[ 0.68333333  1.        ]	[ 0.7625  2.    ]          
26 	31    	[-199.25433333    1.        ]	[  1.40010652e+03   2.00000000e-01]	[-10000.      0.]        	[ 0.7625  2.    ]          
27 	32    	[-199.25702778    1.04      ]	[  1.40010614e+03   2.80000000e-01]	[-10000.      0.]        	[ 0.7625  2.    ]          
28 	29    	[-199.25275    0.98   ]      	[  1.40010675e+03   1.40000000e-01]	[-10000.      0.]        	[ 0.7625  1.    ]          
29 	28    	[-199.26244444    1.18      ]	[  1.40010537e+03   5.54616985e-01]	[-10000.      0.]        	[ 0.7625  3.    ]          
30 	29    	[ 0.75822222  1.08      ]    	[ 0.01715003  0.33704599]          	[ 0.68333333  1.        ]	[ 0.7625  3.    ]          
31 	41    	[ 0.75547222  1.1       ]    	[ 0.02136256  0.3       ]          	[ 0.68333333  1.        ]	[ 0.7625  2.    ]          
32 	24    	[ 0.75508333  1.1       ]    	[ 0.02244439  0.36055513]          	[ 0.68333333  1.        ]	[ 0.7625  3.    ]          
33 	30    	[ 0.75775  1.06   ]          	[ 0.01880104  0.23748684]          	[ 0.68333333  1.        ]	[ 0.7625  2.    ]          
34 	35    	[ 0.76091667  1.02      ]    	[ 0.01108333  0.14      ]          	[ 0.68333333  1.        ]	[ 0.7625  2.    ]          
35 	30    	[ 0.75955556  1.04      ]    	[ 0.0144675  0.28     ]            	[ 0.68333333  1.        ]	[ 0.7625  3.    ]          
36 	31    	[-199.25388889    1.        ]	[  1.40010659e+03   2.00000000e-01]	[-10000.      0.]        	[ 0.7625  2.    ]          
37 	35    	[ 0.75980556  1.04      ]    	[ 0.01340953  0.19595918]          	[ 0.68333333  1.        ]	[ 0.7625  2.    ]          
38 	28    	[-199.25980556    1.06      ]	[  1.40010574e+03   3.10483494e-01]	[-10000.      0.]        	[ 0.7625  2.    ]          
39 	29    	[-199.26066667    1.08      ]	[  1.40010562e+03   3.37045991e-01]	[-10000.      0.]        	[ 0.7625  2.    ]          
40 	31    	[-199.26022222    1.08      ]	[  1.40010568e+03   3.37045991e-01]	[-10000.      0.]        	[ 0.7625  2.    ]          
Number of features selected:  1
Selected features indexes are: [False False False False False False  True False False False]
50
JMI
svm.SVC
Selecting features with genetic algorithm.
gen	nevals	avg                        	std                                	min                        	max                        
0  	50    	[  0.68333333  25.92      ]	[  1.11022302e-16   3.17389351e+00]	[  0.68333333  18.        ]	[  0.68333333  32.        ]
1  	24    	[  0.68333333  23.52      ]	[  1.11022302e-16   2.27367544e+00]	[  0.68333333  19.        ]	[  0.68333333  30.        ]
2  	19    	[  0.68333333  21.86      ]	[  1.11022302e-16   2.03970586e+00]	[  0.68333333  17.        ]	[  0.68333333  26.        ]
3  	28    	[  0.68333333  20.12      ]	[  1.11022302e-16   1.80709712e+00]	[  0.68333333  15.        ]	[  0.68333333  23.        ]
4  	33    	[  0.68333333  18.62      ]	[  1.11022302e-16   1.90672494e+00]	[  0.68333333  15.        ]	[  0.68333333  22.        ]
5  	27    	[  0.68333333  16.8       ]	[  1.11022302e-16   1.88679623e+00]	[  0.68333333  12.        ]	[  0.68333333  21.        ]
6  	34    	[  0.68333333  15.24      ]	[  1.11022302e-16   1.90326036e+00]	[  0.68333333  10.        ]	[  0.68333333  19.        ]
7  	34    	[  0.68333333  14.06      ]	[  1.11022302e-16   2.19462981e+00]	[ 0.68333333  9.        ]  	[  0.68333333  19.        ]
8  	26    	[  0.68333333  12.66      ]	[  1.11022302e-16   2.08432243e+00]	[ 0.68333333  9.        ]  	[  0.68333333  18.        ]
9  	20    	[  0.68333333  11.1       ]	[  1.11022302e-16   1.62788206e+00]	[ 0.68333333  7.        ]  	[  0.68333333  16.        ]
10 	31    	[  0.68333333  10.08      ]	[  1.11022302e-16   1.53414471e+00]	[ 0.68333333  7.        ]  	[  0.68333333  15.        ]
11 	24    	[ 0.68333333  9.42      ]  	[  1.11022302e-16   1.48445276e+00]	[ 0.68333333  6.        ]  	[  0.68333333  13.        ]
12 	27    	[ 0.68333333  8.76      ]  	[  1.11022302e-16   1.66805276e+00]	[ 0.68333333  7.        ]  	[  0.68333333  14.        ]
13 	38    	[ 0.68333333  8.14      ]  	[  1.11022302e-16   1.83313938e+00]	[ 0.68333333  5.        ]  	[  0.68333333  14.        ]
14 	33    	[ 0.68333333  7.28      ]  	[  1.11022302e-16   1.29676521e+00]	[ 0.68333333  5.        ]  	[  0.68333333  11.        ]
15 	22    	[ 0.68333333  6.54      ]  	[  1.11022302e-16   9.21086315e-01]	[ 0.68333333  5.        ]  	[ 0.68333333  9.        ]  
16 	29    	[ 0.68333333  6.16      ]  	[  1.11022302e-16   1.40513345e+00]	[ 0.68333333  4.        ]  	[  0.68333333  11.        ]
17 	29    	[ 0.68333333  5.82      ]  	[  1.11022302e-16   1.53218798e+00]	[ 0.68333333  3.        ]  	[  0.68333333  11.        ]
18 	34    	[ 0.68333333  5.58      ]  	[  1.11022302e-16   1.62591513e+00]	[ 0.68333333  3.        ]  	[  0.68333333  10.        ]
19 	30    	[ 0.68333333  4.76      ]  	[  1.11022302e-16   1.39370011e+00]	[ 0.68333333  3.        ]  	[  0.68333333  10.        ]
20 	23    	[ 0.68333333  4.58      ]  	[  1.11022302e-16   1.51115850e+00]	[ 0.68333333  3.        ]  	[  0.68333333  10.        ]
21 	31    	[ 0.68355556  3.98      ]  	[ 0.00155556  1.28825463]          	[ 0.68333333  2.        ]  	[ 0.69444444  8.        ]  
22 	24    	[ 0.684  3.56 ]            	[ 0.00263874  1.44443761]          	[ 0.68333333  2.        ]  	[ 0.69444444  9.        ]  
23 	29    	[ 0.68577778  3.48      ]  	[ 0.00460274  1.67618615]          	[ 0.68333333  2.        ]  	[  0.69444444  10.        ]
24 	39    	[ 0.688  2.92 ]            	[ 0.00548398  1.26237871]          	[ 0.68333333  2.        ]  	[ 0.69444444  9.        ]  
25 	17    	[ 0.69022222  2.86      ]  	[ 0.00539318  1.64936351]          	[ 0.68333333  2.        ]  	[ 0.69444444  8.        ]  
26 	28    	[ 0.69241667  2.54      ]  	[ 0.00474024  1.68772036]          	[ 0.68333333  1.        ]  	[  0.70416667  10.        ]
27 	32    	[ 0.69280556  2.4       ]  	[ 0.00526086  1.18321596]          	[ 0.68333333  1.        ]  	[ 0.70416667  7.        ]  
28 	31    	[ 0.69444444  2.18      ]  	[ 0.00569275  1.12587744]          	[ 0.68333333  1.        ]  	[ 0.70416667  7.        ]  
29 	34    	[ 0.69572222  1.94      ]  	[ 0.00755556  1.08461975]          	[ 0.68333333  1.        ]  	[ 0.70416667  6.        ]  
30 	28    	[ 0.69830556  1.72      ]  	[ 0.00772447  1.18389189]          	[ 0.68333333  1.        ]  	[ 0.70416667  6.        ]  
31 	36    	[-199.31461111    1.62      ]	[  1.40009791e+03   1.35484316e+00]	[-10000.      0.]          	[ 0.70416667  7.        ]  
32 	36    	[ 0.70188889  1.28      ]    	[ 0.00633285  0.87269697]          	[ 0.68333333  1.        ]  	[ 0.70416667  6.        ]  
33 	36    	[ 0.7   1.52]                	[ 0.00833333  1.23676999]          	[ 0.68333333  1.        ]  	[ 0.70416667  7.        ]  
34 	30    	[ 0.69936111  1.58      ]    	[ 0.00917176  1.47091808]          	[ 0.67222222  1.        ]  	[ 0.70416667  7.        ]  
35 	26    	[ 0.69936111  1.4       ]    	[ 0.00917176  0.89442719]          	[ 0.67222222  1.        ]  	[ 0.70416667  5.        ]  
36 	33    	[ 0.70116667  1.6       ]    	[ 0.01063334  1.41421356]          	[ 0.68333333  1.        ]  	[ 0.73888889  9.        ]  
37 	34    	[ 0.70366667  1.64      ]    	[ 0.01361893  1.26111062]          	[ 0.68333333  1.        ]  	[ 0.73888889  6.        ]  
38 	29    	[ 0.71113889  1.98      ]    	[ 0.01896938  1.43513066]          	[ 0.68333333  1.        ]  	[ 0.73888889  8.        ]  
39 	27    	[ 0.71852778  2.24      ]    	[ 0.02049091  1.46369396]          	[ 0.68333333  1.        ]  	[ 0.73888889  7.        ]  
40 	27    	[ 0.72327778  2.76      ]    	[ 0.02248895  1.71534253]          	[ 0.68333333  1.        ]  	[ 0.73888889  8.        ]  
Number of features selected:  1
Selected features indexes are: [False False  True False False False False False False False False False
 False False False False False False False False False False False False
 False False False False False False False False False False False False
 False False False False False False False False False False False False
 False False]
100
JMI
svm.SVC
Selecting features with genetic algorithm.
gen	nevals	avg                        	std                                	min                        	max                        
0  	50    	[  0.68333333  50.2       ]	[  1.11022302e-16   5.62494444e+00]	[  0.68333333  38.        ]	[  0.68333333  68.        ]
1  	21    	[  0.68333333  45.64      ]	[  1.11022302e-16   4.07803874e+00]	[  0.68333333  38.        ]	[  0.68333333  52.        ]
2  	28    	[  0.68333333  41.54      ]	[  1.11022302e-16   4.17233747e+00]	[  0.68333333  34.        ]	[  0.68333333  50.        ]
3  	24    	[  0.68333333  38.38      ]	[  1.11022302e-16   2.99259085e+00]	[  0.68333333  31.        ]	[  0.68333333  44.        ]
4  	29    	[  0.68333333  36.1       ]	[  1.11022302e-16   2.81602557e+00]	[  0.68333333  30.        ]	[  0.68333333  42.        ]
5  	30    	[  0.68333333  33.98      ]	[  1.11022302e-16   2.51785623e+00]	[  0.68333333  29.        ]	[  0.68333333  41.        ]
6  	25    	[  0.68333333  32.66      ]	[  1.11022302e-16   2.45446532e+00]	[  0.68333333  29.        ]	[  0.68333333  39.        ]
7  	34    	[  0.68333333  31.14      ]	[  1.11022302e-16   2.43318721e+00]	[  0.68333333  25.        ]	[  0.68333333  37.        ]
8  	24    	[  0.68333333  30.02      ]	[  1.11022302e-16   2.64945277e+00]	[  0.68333333  25.        ]	[  0.68333333  38.        ]
9  	31    	[  0.68333333  28.76      ]	[  1.11022302e-16   2.75361580e+00]	[  0.68333333  23.        ]	[  0.68333333  38.        ]
10 	28    	[  0.68333333  27.04      ]	[  1.11022302e-16   2.32344572e+00]	[  0.68333333  21.        ]	[  0.68333333  33.        ]
11 	24    	[  0.68333333  25.7       ]	[  1.11022302e-16   2.11896201e+00]	[  0.68333333  21.        ]	[  0.68333333  30.        ]
12 	27    	[  0.68333333  23.72      ]	[  1.11022302e-16   2.29817319e+00]	[  0.68333333  20.        ]	[  0.68333333  31.        ]
13 	32    	[  0.68333333  22.28      ]	[  1.11022302e-16   2.84281551e+00]	[  0.68333333  19.        ]	[  0.68333333  31.        ]
14 	26    	[  0.68333333  20.58      ]	[  1.11022302e-16   1.81207064e+00]	[  0.68333333  17.        ]	[  0.68333333  26.        ]
15 	37    	[  0.68333333  20.08      ]	[  1.11022302e-16   2.28770627e+00]	[  0.68333333  16.        ]	[  0.68333333  31.        ]
16 	32    	[  0.68333333  19.24      ]	[  1.11022302e-16   2.39633053e+00]	[  0.68333333  16.        ]	[  0.68333333  30.        ]
17 	34    	[  0.68333333  17.94      ]	[  1.11022302e-16   2.00409581e+00]	[  0.68333333  14.        ]	[  0.68333333  23.        ]
18 	24    	[  0.68333333  16.72      ]	[  1.11022302e-16   1.97017766e+00]	[  0.68333333  13.        ]	[  0.68333333  22.        ]
19 	32    	[  0.68333333  15.58      ]	[  1.11022302e-16   2.25468401e+00]	[  0.68333333  11.        ]	[  0.68333333  24.        ]
20 	31    	[  0.68333333  14.8       ]	[  1.11022302e-16   2.56124969e+00]	[  0.68333333  11.        ]	[  0.68333333  26.        ]
21 	32    	[  0.68333333  13.78      ]	[  1.11022302e-16   2.43548763e+00]	[  0.68333333  10.        ]	[  0.68333333  20.        ]
22 	33    	[  0.68333333  12.44      ]	[  1.11022302e-16   1.99158229e+00]	[ 0.68333333  9.        ]  	[  0.68333333  18.        ]
23 	31    	[  0.68333333  11.8       ]	[  1.11022302e-16   2.08806130e+00]	[ 0.68333333  9.        ]  	[  0.68333333  18.        ]
24 	31    	[  0.68333333  11.38      ]	[  1.11022302e-16   2.12499412e+00]	[ 0.68333333  7.        ]  	[  0.68333333  17.        ]
25 	32    	[  0.68333333  10.1       ]	[  1.11022302e-16   2.33452351e+00]	[ 0.68333333  7.        ]  	[  0.68333333  19.        ]
26 	42    	[ 0.68333333  9.36      ]  	[  1.11022302e-16   2.43934417e+00]	[ 0.68333333  6.        ]  	[  0.68333333  17.        ]
27 	32    	[ 0.68333333  9.14      ]  	[  1.11022302e-16   2.52990118e+00]	[ 0.68333333  6.        ]  	[  0.68333333  15.        ]
28 	35    	[ 0.68333333  8.12      ]  	[  1.11022302e-16   2.09418242e+00]	[ 0.68333333  6.        ]  	[  0.68333333  17.        ]
29 	25    	[ 0.68333333  7.26      ]  	[  1.11022302e-16   1.62246726e+00]	[ 0.68333333  6.        ]  	[  0.68333333  12.        ]
30 	24    	[ 0.68333333  7.16      ]  	[  1.11022302e-16   1.85860162e+00]	[ 0.68333333  6.        ]  	[  0.68333333  12.        ]
31 	34    	[ 0.68333333  6.64      ]  	[  1.11022302e-16   2.13316666e+00]	[ 0.68333333  6.        ]  	[  0.68333333  20.        ]
32 	26    	[ 0.68333333  6.78      ]  	[  1.11022302e-16   1.75829463e+00]	[ 0.68333333  5.        ]  	[  0.68333333  13.        ]
33 	23    	[ 0.68333333  6.5       ]  	[  1.11022302e-16   1.41774469e+00]	[ 0.68333333  5.        ]  	[  0.68333333  13.        ]
34 	36    	[ 0.68333333  6.88      ]  	[  1.11022302e-16   2.35490976e+00]	[ 0.68333333  5.        ]  	[  0.68333333  15.        ]
35 	35    	[ 0.68333333  6.06      ]  	[  1.11022302e-16   1.51538774e+00]	[ 0.68333333  5.        ]  	[  0.68333333  12.        ]
36 	31    	[ 0.68333333  6.74      ]  	[  1.11022302e-16   2.39841614e+00]	[ 0.68333333  5.        ]  	[  0.68333333  13.        ]
37 	30    	[ 0.68333333  6.4       ]  	[  1.11022302e-16   2.35796522e+00]	[ 0.68333333  5.        ]  	[  0.68333333  15.        ]
38 	34    	[ 0.68333333  6.12      ]  	[  1.11022302e-16   2.05562643e+00]	[ 0.68333333  5.        ]  	[  0.68333333  12.        ]
39 	27    	[ 0.68333333  5.8       ]  	[  1.11022302e-16   2.03960781e+00]	[ 0.68333333  5.        ]  	[  0.68333333  14.        ]
40 	20    	[ 0.68333333  5.52      ]  	[  1.11022302e-16   1.51314243e+00]	[ 0.68333333  5.        ]  	[  0.68333333  12.        ]
Number of features selected:  5
Selected features indexes are: [False False False False False False False False False False False False
  True False False False False False False False False False False False
 False False False  True False False False False False False False False
 False False False False False False False False False False False False
 False False False False False False False False False False False False
  True  True False False False False False False False False False False
 False False False False False  True False False False False False False
 False False False False False False False False False False False False
 False False False False]
150
JMI
svm.SVC
Selecting features with genetic algorithm.
gen	nevals	avg                        	std                                	min                        	max                        
0  	50    	[  0.68333333  75.22      ]	[  1.11022302e-16   6.13608996e+00]	[  0.68333333  53.        ]	[  0.68333333  85.        ]
1  	37    	[  0.68333333  70.02      ]	[  1.11022302e-16   6.26574816e+00]	[  0.68333333  53.        ]	[  0.68333333  83.        ]
2  	30    	[  0.68333333  65.4       ]	[  1.11022302e-16   5.56776436e+00]	[  0.68333333  46.        ]	[  0.68333333  76.        ]
3  	25    	[  0.68333333  61.12      ]	[  1.11022302e-16   5.03444138e+00]	[  0.68333333  46.        ]	[  0.68333333  73.        ]
4  	37    	[  0.68333333  57.64      ]	[  1.11022302e-16   3.43371519e+00]	[  0.68333333  51.        ]	[  0.68333333  65.        ]
5  	33    	[  0.68333333  55.        ]	[  1.11022302e-16   3.18119474e+00]	[  0.68333333  45.        ]	[  0.68333333  60.        ]
6  	30    	[  0.68333333  53.16      ]	[  1.11022302e-16   4.39708995e+00]	[  0.68333333  45.        ]	[  0.68333333  64.        ]
7  	31    	[  0.68333333  48.88      ]	[  1.11022302e-16   3.49078788e+00]	[  0.68333333  42.        ]	[  0.68333333  56.        ]
8  	29    	[  0.68333333  46.48      ]	[  1.11022302e-16   3.32409386e+00]	[  0.68333333  41.        ]	[  0.68333333  58.        ]
9  	31    	[  0.68333333  45.42      ]	[  1.11022302e-16   2.47459088e+00]	[  0.68333333  41.        ]	[  0.68333333  52.        ]
10 	37    	[  0.68333333  44.42      ]	[  1.11022302e-16   2.92636293e+00]	[  0.68333333  39.        ]	[  0.68333333  54.        ]
11 	39    	[  0.68333333  42.92      ]	[  1.11022302e-16   3.55437758e+00]	[  0.68333333  37.        ]	[  0.68333333  54.        ]
12 	32    	[  0.68333333  41.64      ]	[  1.11022302e-16   3.03156725e+00]	[  0.68333333  35.        ]	[  0.68333333  50.        ]
13 	27    	[  0.68333333  39.72      ]	[  1.11022302e-16   2.91917797e+00]	[  0.68333333  33.        ]	[  0.68333333  48.        ]
14 	36    	[  0.68333333  38.64      ]	[  1.11022302e-16   3.27267475e+00]	[  0.68333333  32.        ]	[  0.68333333  50.        ]
15 	25    	[  0.68333333  37.26      ]	[  1.11022302e-16   2.81289886e+00]	[  0.68333333  32.        ]	[  0.68333333  44.        ]
16 	31    	[  0.68333333  35.82      ]	[  1.11022302e-16   2.59761429e+00]	[  0.68333333  30.        ]	[  0.68333333  42.        ]
17 	31    	[  0.68333333  35.3       ]	[  1.11022302e-16   3.23882695e+00]	[  0.68333333  31.        ]	[  0.68333333  46.        ]
18 	33    	[  0.68333333  33.5       ]	[  1.11022302e-16   2.41867732e+00]	[  0.68333333  29.        ]	[  0.68333333  42.        ]
19 	32    	[  0.68333333  33.2       ]	[  1.11022302e-16   2.99332591e+00]	[  0.68333333  28.        ]	[  0.68333333  42.        ]
20 	34    	[  0.68333333  32.12      ]	[  1.11022302e-16   3.41549411e+00]	[  0.68333333  27.        ]	[  0.68333333  42.        ]
21 	34    	[  0.68333333  30.22      ]	[  1.11022302e-16   2.27411521e+00]	[  0.68333333  27.        ]	[  0.68333333  37.        ]
22 	39    	[  0.68333333  29.36      ]	[  1.11022302e-16   2.44752937e+00]	[  0.68333333  25.        ]	[  0.68333333  36.        ]
23 	29    	[  0.68333333  28.72      ]	[  1.11022302e-16   2.51427922e+00]	[  0.68333333  25.        ]	[  0.68333333  36.        ]
24 	29    	[  0.68333333  28.18      ]	[  1.11022302e-16   3.30871576e+00]	[  0.68333333  23.        ]	[  0.68333333  37.        ]
25 	27    	[  0.68333333  26.36      ]	[  1.11022302e-16   2.07615028e+00]	[  0.68333333  23.        ]	[  0.68333333  33.        ]
26 	29    	[  0.68333333  25.78      ]	[  1.11022302e-16   2.06194083e+00]	[  0.68333333  23.        ]	[  0.68333333  32.        ]
27 	35    	[  0.68333333  25.7       ]	[  1.11022302e-16   2.90000000e+00]	[  0.68333333  21.        ]	[  0.68333333  34.        ]
28 	30    	[  0.68333333  24.66      ]	[  1.11022302e-16   2.75397894e+00]	[  0.68333333  20.        ]	[  0.68333333  33.        ]
29 	33    	[  0.68333333  22.9       ]	[  1.11022302e-16   2.30867928e+00]	[  0.68333333  20.        ]	[  0.68333333  33.        ]
30 	29    	[  0.68333333  22.4       ]	[  1.11022302e-16   3.03973683e+00]	[  0.68333333  18.        ]	[  0.68333333  32.        ]
31 	27    	[  0.68333333  21.        ]	[  1.11022302e-16   2.05912603e+00]	[  0.68333333  17.        ]	[  0.68333333  27.        ]
32 	31    	[  0.68333333  20.46      ]	[  1.11022302e-16   2.92034245e+00]	[  0.68333333  17.        ]	[  0.68333333  30.        ]
33 	29    	[  0.68333333  19.94      ]	[  1.11022302e-16   3.11390430e+00]	[  0.68333333  17.        ]	[  0.68333333  28.        ]
34 	31    	[  0.68333333  19.14      ]	[  1.11022302e-16   3.02661527e+00]	[  0.68333333  16.        ]	[  0.68333333  31.        ]
35 	19    	[  0.68333333  18.        ]	[  1.11022302e-16   2.47386338e+00]	[  0.68333333  16.        ]	[  0.68333333  28.        ]
36 	25    	[  0.68333333  18.38      ]	[  1.11022302e-16   3.00592748e+00]	[  0.68333333  15.        ]	[  0.68333333  26.        ]
37 	30    	[  0.68333333  17.34      ]	[  1.11022302e-16   3.30823216e+00]	[  0.68333333  15.        ]	[  0.68333333  31.        ]
38 	31    	[  0.68333333  16.8       ]	[  1.11022302e-16   2.86356421e+00]	[  0.68333333  15.        ]	[  0.68333333  27.        ]
39 	35    	[  0.68333333  16.66      ]	[  1.11022302e-16   2.74670712e+00]	[  0.68333333  15.        ]	[  0.68333333  25.        ]
40 	23    	[  0.68333333  15.92      ]	[  1.11022302e-16   2.20762316e+00]	[  0.68333333  15.        ]	[  0.68333333  25.        ]
Number of features selected:  15
Selected features indexes are: [False False False False False False False False False False False False
 False False  True False False False False False False False  True  True
 False False False  True False False False False False False False False
 False False False False False False  True False False False False False
 False False False False False False False False False  True False False
 False False False False False False False False False False False  True
 False False False False False  True  True False  True False False False
 False False False False False False False False False False  True False
 False False False False False False False  True False False False False
 False False False False False False False False False False False False
 False False False False False False False False False False False False
 False False False False False  True  True False False False False False
 False False  True False False False]
200
JMI
svm.SVC
Selecting features with genetic algorithm.
gen	nevals	avg                        	std                                	min                        	max                          
0  	50    	[  0.68333333  98.72      ]	[  1.11022302e-16   7.53933684e+00]	[  0.68333333  79.        ]	[   0.68333333  111.        ]
1  	29    	[  0.68333333  92.56      ]	[  1.11022302e-16   7.21154630e+00]	[  0.68333333  79.        ]	[   0.68333333  110.        ]
2  	25    	[  0.68333333  85.58      ]	[  1.11022302e-16   5.69943857e+00]	[  0.68333333  71.        ]	[   0.68333333  104.        ]
3  	28    	[  0.68333333  81.34      ]	[  1.11022302e-16   4.03291458e+00]	[  0.68333333  71.        ]	[  0.68333333  91.        ]  
4  	32    	[  0.68333333  78.72      ]	[  1.11022302e-16   5.04000000e+00]	[  0.68333333  66.        ]	[   0.68333333  100.        ]
5  	26    	[  0.68333333  75.56      ]	[  1.11022302e-16   4.68256340e+00]	[  0.68333333  66.        ]	[  0.68333333  88.        ]  
6  	27    	[  0.68333333  71.48      ]	[  1.11022302e-16   4.02114412e+00]	[  0.68333333  64.        ]	[  0.68333333  81.        ]  
7  	31    	[  0.68333333  68.18      ]	[  1.11022302e-16   3.04427331e+00]	[  0.68333333  62.        ]	[  0.68333333  76.        ]  
8  	34    	[  0.68333333  66.52      ]	[  1.11022302e-16   2.82304800e+00]	[  0.68333333  61.        ]	[  0.68333333  74.        ]  
9  	24    	[  0.68333333  64.78      ]	[  1.11022302e-16   3.65671984e+00]	[  0.68333333  57.        ]	[  0.68333333  78.        ]  
10 	34    	[  0.68333333  62.58      ]	[  1.11022302e-16   3.34717792e+00]	[  0.68333333  55.        ]	[  0.68333333  72.        ]  
11 	37    	[  0.68333333  60.66      ]	[  1.11022302e-16   3.15347427e+00]	[  0.68333333  53.        ]	[  0.68333333  68.        ]  
12 	32    	[  0.68333333  59.5       ]	[  1.11022302e-16   3.83275358e+00]	[  0.68333333  53.        ]	[  0.68333333  73.        ]  
13 	29    	[  0.68333333  57.84      ]	[  1.11022302e-16   3.01569229e+00]	[  0.68333333  52.        ]	[  0.68333333  65.        ]  
14 	27    	[  0.68333333  56.1       ]	[  1.11022302e-16   2.74408455e+00]	[  0.68333333  50.        ]	[  0.68333333  62.        ]  
15 	30    	[  0.68333333  53.76      ]	[  1.11022302e-16   3.74464952e+00]	[  0.68333333  45.        ]	[  0.68333333  65.        ]  
16 	32    	[  0.68333333  52.08      ]	[  1.11022302e-16   3.87731866e+00]	[  0.68333333  41.        ]	[  0.68333333  60.        ]  
17 	36    	[  0.68333333  49.08      ]	[  1.11022302e-16   4.05876829e+00]	[  0.68333333  40.        ]	[  0.68333333  56.        ]  
18 	35    	[  0.68333333  47.08      ]	[  1.11022302e-16   3.69778312e+00]	[  0.68333333  41.        ]	[  0.68333333  58.        ]  
19 	30    	[  0.68333333  44.9       ]	[  1.11022302e-16   3.72155881e+00]	[  0.68333333  38.        ]	[  0.68333333  57.        ]  
20 	32    	[  0.68333333  44.28      ]	[  1.11022302e-16   3.86284869e+00]	[  0.68333333  36.        ]	[  0.68333333  55.        ]  
21 	27    	[  0.68333333  42.52      ]	[  1.11022302e-16   3.85351787e+00]	[  0.68333333  36.        ]	[  0.68333333  55.        ]  
22 	41    	[  0.68333333  41.4       ]	[  1.11022302e-16   4.60000000e+00]	[  0.68333333  32.        ]	[  0.68333333  54.        ]  
23 	36    	[  0.68333333  39.66      ]	[  1.11022302e-16   3.82418619e+00]	[  0.68333333  34.        ]	[  0.68333333  49.        ]  
24 	31    	[  0.68333333  38.54      ]	[  1.11022302e-16   4.39185610e+00]	[  0.68333333  32.        ]	[  0.68333333  52.        ]  
25 	30    	[  0.68333333  36.52      ]	[  1.11022302e-16   2.64756492e+00]	[  0.68333333  31.        ]	[  0.68333333  45.        ]  
26 	28    	[  0.68333333  35.8       ]	[  1.11022302e-16   3.68781778e+00]	[  0.68333333  31.        ]	[  0.68333333  46.        ]  
27 	32    	[  0.68333333  34.5       ]	[  1.11022302e-16   3.30605505e+00]	[  0.68333333  30.        ]	[  0.68333333  46.        ]  
28 	28    	[  0.68333333  33.28      ]	[  1.11022302e-16   3.19399436e+00]	[  0.68333333  29.        ]	[  0.68333333  48.        ]  
29 	25    	[  0.68333333  32.88      ]	[  1.11022302e-16   2.90957042e+00]	[  0.68333333  29.        ]	[  0.68333333  43.        ]  
30 	33    	[  0.68333333  32.9       ]	[  1.11022302e-16   3.28176782e+00]	[  0.68333333  28.        ]	[  0.68333333  41.        ]  
31 	31    	[  0.68333333  32.02      ]	[  1.11022302e-16   3.13362410e+00]	[  0.68333333  29.        ]	[  0.68333333  43.        ]  
32 	29    	[  0.68333333  31.82      ]	[  1.11022302e-16   3.52528013e+00]	[  0.68333333  28.        ]	[  0.68333333  43.        ]  
33 	34    	[  0.68333333  31.08      ]	[  1.11022302e-16   3.24246820e+00]	[  0.68333333  28.        ]	[  0.68333333  42.        ]  
34 	35    	[  0.68333333  30.48      ]	[  1.11022302e-16   3.55662762e+00]	[  0.68333333  27.        ]	[  0.68333333  42.        ]  
35 	33    	[  0.68333333  30.        ]	[  1.11022302e-16   2.96647939e+00]	[  0.68333333  27.        ]	[  0.68333333  39.        ]  
36 	33    	[  0.68333333  29.7       ]	[  1.11022302e-16   2.96816442e+00]	[  0.68333333  27.        ]	[  0.68333333  38.        ]  
37 	23    	[  0.68333333  29.38      ]	[  1.11022302e-16   3.69264133e+00]	[  0.68333333  26.        ]	[  0.68333333  41.        ]  
38 	30    	[  0.68333333  28.82      ]	[  1.11022302e-16   3.05083595e+00]	[  0.68333333  26.        ]	[  0.68333333  37.        ]  
39 	25    	[  0.68333333  28.22      ]	[  1.11022302e-16   2.92772950e+00]	[  0.68333333  25.        ]	[  0.68333333  37.        ]  
40 	30    	[  0.68333333  27.62      ]	[  1.11022302e-16   2.61449804e+00]	[  0.68333333  25.        ]	[  0.68333333  36.        ]  
Number of features selected:  25
Selected features indexes are: [False False False False  True False False False False False False False
 False False False False False False  True False  True False False False
 False False False False False False False False False False False False
 False False False False False False False False  True  True False False
 False False False False False False False False False False  True False
 False False False False False False False False False False False False
 False False False False False False  True  True False False False  True
 False False False False False False False False False False False False
 False False False False False False False False False  True False  True
  True False False  True False False False False False False False False
 False False False False False  True False False False False False False
 False False False False False False False False False False  True False
 False  True False False False False  True False False  True False False
 False False  True False False  True False False False False False False
  True False False False False False False  True False False False False
  True False False False  True False False False False False False  True
 False False False False False False False False]
250
JMI
svm.SVC
Selecting features with genetic algorithm.
gen	nevals	avg                          	std                                	min                          	max                          
0  	50    	[   0.68333333  123.8       ]	[  1.11022302e-16   6.96850056e+00]	[   0.68333333  109.        ]	[   0.68333333  142.        ]
1  	22    	[   0.68333333  118.72      ]	[  1.11022302e-16   5.01214525e+00]	[   0.68333333  108.        ]	[   0.68333333  135.        ]
2  	26    	[   0.68333333  114.08      ]	[  1.11022302e-16   4.52035397e+00]	[   0.68333333  107.        ]	[   0.68333333  124.        ]
3  	32    	[   0.68333333  111.84      ]	[  1.11022302e-16   5.39021335e+00]	[  0.68333333  99.        ]  	[   0.68333333  128.        ]
4  	27    	[   0.68333333  107.5       ]	[  1.11022302e-16   5.16236380e+00]	[  0.68333333  98.        ]  	[   0.68333333  119.        ]
5  	24    	[   0.68333333  103.38      ]	[  1.11022302e-16   4.46716913e+00]	[  0.68333333  93.        ]  	[   0.68333333  112.        ]
6  	36    	[   0.68333333  100.        ]	[  1.11022302e-16   3.34065862e+00]	[  0.68333333  94.        ]  	[   0.68333333  111.        ]
7  	26    	[  0.68333333  97.74      ]  	[  1.11022302e-16   3.54857718e+00]	[  0.68333333  92.        ]  	[   0.68333333  113.        ]
8  	24    	[  0.68333333  95.68      ]  	[  1.11022302e-16   4.38378832e+00]	[  0.68333333  84.        ]  	[   0.68333333  110.        ]
9  	25    	[  0.68333333  93.04      ]  	[  1.11022302e-16   4.55613872e+00]	[  0.68333333  81.        ]  	[   0.68333333  104.        ]
10 	38    	[  0.68333333  89.7       ]  	[  1.11022302e-16   5.13906606e+00]	[  0.68333333  77.        ]  	[   0.68333333  102.        ]
11 	29    	[  0.68333333  86.1       ]  	[  1.11022302e-16   5.78705452e+00]	[  0.68333333  77.        ]  	[   0.68333333  107.        ]
12 	25    	[  0.68333333  82.68      ]  	[  1.11022302e-16   4.29157314e+00]	[  0.68333333  74.        ]  	[  0.68333333  93.        ]  
13 	32    	[  0.68333333  80.58      ]  	[  1.11022302e-16   5.41143234e+00]	[  0.68333333  69.        ]  	[  0.68333333  96.        ]  
14 	30    	[  0.68333333  78.02      ]  	[  1.11022302e-16   4.20708926e+00]	[  0.68333333  69.        ]  	[  0.68333333  91.        ]  
15 	26    	[  0.68333333  75.28      ]  	[  1.11022302e-16   3.97008816e+00]	[  0.68333333  69.        ]  	[  0.68333333  87.        ]  
16 	34    	[  0.68333333  73.22      ]  	[  1.11022302e-16   4.10993917e+00]	[  0.68333333  66.        ]  	[  0.68333333  86.        ]  
17 	32    	[  0.68333333  71.22      ]  	[  1.11022302e-16   3.51163779e+00]	[  0.68333333  65.        ]  	[  0.68333333  81.        ]  
18 	32    	[  0.68333333  68.94      ]  	[  1.11022302e-16   3.49519670e+00]	[  0.68333333  60.        ]  	[  0.68333333  77.        ]  
19 	29    	[  0.68333333  67.5       ]  	[  1.11022302e-16   3.32415403e+00]	[  0.68333333  60.        ]  	[  0.68333333  75.        ]  
20 	21    	[  0.68333333  65.74      ]  	[  1.11022302e-16   3.09715999e+00]	[  0.68333333  60.        ]  	[  0.68333333  76.        ]  
21 	41    	[  0.68333333  65.54      ]  	[  1.11022302e-16   4.01103478e+00]	[  0.68333333  61.        ]  	[  0.68333333  78.        ]  
22 	30    	[  0.68333333  63.76      ]  	[  1.11022302e-16   3.56404265e+00]	[  0.68333333  58.        ]  	[  0.68333333  75.        ]  
23 	31    	[  0.68333333  63.08      ]  	[  1.11022302e-16   4.47589097e+00]	[  0.68333333  53.        ]  	[  0.68333333  76.        ]  
24 	31    	[  0.68333333  61.02      ]  	[  1.11022302e-16   3.39110601e+00]	[  0.68333333  54.        ]  	[  0.68333333  70.        ]  
25 	33    	[  0.68333333  59.76      ]  	[  1.11022302e-16   4.44324206e+00]	[  0.68333333  53.        ]  	[  0.68333333  75.        ]  
26 	33    	[  0.68333333  58.32      ]  	[  1.11022302e-16   4.42465818e+00]	[  0.68333333  51.        ]  	[  0.68333333  70.        ]  
27 	30    	[  0.68333333  56.22      ]  	[  1.11022302e-16   3.88993573e+00]	[  0.68333333  51.        ]  	[  0.68333333  69.        ]  
28 	33    	[  0.68333333  56.5       ]  	[  1.11022302e-16   4.47325385e+00]	[  0.68333333  51.        ]  	[  0.68333333  70.        ]  
29 	34    	[  0.68333333  55.74      ]  	[  1.11022302e-16   4.42180958e+00]	[  0.68333333  48.        ]  	[  0.68333333  67.        ]  
30 	22    	[  0.68333333  54.36      ]  	[  1.11022302e-16   3.57077023e+00]	[  0.68333333  50.        ]  	[  0.68333333  63.        ]  
31 	31    	[  0.68333333  53.16      ]  	[  1.11022302e-16   3.26410784e+00]	[  0.68333333  48.        ]  	[  0.68333333  64.        ]  
32 	24    	[  0.68333333  52.48      ]  	[  1.11022302e-16   3.47701021e+00]	[  0.68333333  48.        ]  	[  0.68333333  63.        ]  
33 	24    	[  0.68333333  50.56      ]  	[  1.11022302e-16   2.87861078e+00]	[  0.68333333  48.        ]  	[  0.68333333  64.        ]  
34 	34    	[  0.68333333  50.8       ]  	[  1.11022302e-16   3.73095162e+00]	[  0.68333333  45.        ]  	[  0.68333333  63.        ]  
35 	31    	[  0.68333333  51.36      ]  	[  1.11022302e-16   4.63793057e+00]	[  0.68333333  45.        ]  	[  0.68333333  62.        ]  
36 	33    	[  0.68333333  50.26      ]  	[  1.11022302e-16   5.38817223e+00]	[  0.68333333  45.        ]  	[  0.68333333  69.        ]  
37 	33    	[  0.68333333  48.88      ]  	[  1.11022302e-16   4.02313311e+00]	[  0.68333333  44.        ]  	[  0.68333333  62.        ]  
38 	32    	[  0.68333333  47.72      ]  	[  1.11022302e-16   4.13782552e+00]	[  0.68333333  42.        ]  	[  0.68333333  62.        ]  
39 	32    	[  0.68333333  47.5       ]  	[  1.11022302e-16   3.74833296e+00]	[  0.68333333  43.        ]  	[  0.68333333  58.        ]  
40 	32    	[  0.68333333  47.06      ]  	[  1.11022302e-16   4.07141253e+00]	[  0.68333333  42.        ]  	[  0.68333333  61.        ]  
Number of features selected:  42
Selected features indexes are: [False False False False False  True False False False False False False
 False False False  True  True False False False False False False False
 False False False False False False False False False  True  True False
  True  True False False False False False False False False False False
 False False False False False False False  True False False False  True
  True False False False False  True  True False False False False False
 False False False False False  True False  True False False False False
 False False False False False False  True False False False False False
 False False False False False False False  True False False False  True
 False False False False False False False  True False False False False
 False False  True False  True  True False  True False False False False
 False False False  True False  True  True False False False False  True
 False False False  True False False False False False False  True False
 False False False False False False False False False  True False False
 False False False False  True False False  True False False False  True
 False False False  True False False False False False False False False
 False  True False False False False False False  True False False False
 False False False  True False False False False False False  True False
 False False False False False False False  True False  True False False
 False False False False False False  True False False False False False
  True False False False False False False  True False False]
10
JMIM
svm.SVC
