Calling LoadDataSet
LoadDataSet function took 38099.575 ms
10
MRMR
Decision Tree classifier
Selecting features with genetic algorithm.
gen	nevals	avg              	std                      	min                      	max                        
0  	50    	[ 0.7685  5.28  ]	[ 0.03624382  1.66180625]	[ 0.68194444  2.        ]	[  0.82916667  10.        ]
1  	33    	[ 0.79219444  5.44      ]	[ 0.02841748  1.76816289]	[ 0.70277778  3.        ]	[  0.83611111  10.        ]
2  	26    	[ 0.80983333  5.18      ]	[ 0.02646749  1.40982268]	[ 0.74444444  3.        ]	[  0.87222222  10.        ]
3  	30    	[ 0.81730556  4.68      ]	[ 0.03117455  1.10344914]	[ 0.7125  2.    ]        	[ 0.86111111  7.        ]  
4  	30    	[ 0.82527778  4.58      ]	[ 0.02428928  1.00179838]	[ 0.74583333  3.        ]	[ 0.86111111  7.        ]  
5  	38    	[ 0.82830556  4.3       ]	[ 0.02274539  0.9       ]	[ 0.79027778  3.        ]	[ 0.87222222  7.        ]  
6  	22    	[ 0.84302778  4.08      ]	[ 0.01978568  0.68818602]	[ 0.79027778  3.        ]	[ 0.87222222  6.        ]  
7  	32    	[ 0.83669444  3.94      ]	[ 0.02986349  0.83450584]	[ 0.76111111  2.        ]	[ 0.88333333  6.        ]  
8  	39    	[ 0.84502778  4.1       ]	[ 0.02076673  0.78102497]	[ 0.79166667  2.        ]	[ 0.88333333  6.        ]  
9  	33    	[ 0.84958333  3.82      ]	[ 0.02136588  0.58957612]	[ 0.76111111  2.        ]	[ 0.88333333  5.        ]  
10 	37    	[ 0.85094444  3.86      ]	[ 0.02383787  0.56603887]	[ 0.77083333  3.        ]	[ 0.88611111  5.        ]  
11 	33    	[ 0.85397222  3.8       ]	[ 0.01909206  0.56568542]	[ 0.78055556  3.        ]	[ 0.88611111  6.        ]  
12 	29    	[ 0.84975  3.94   ]      	[ 0.02458089  0.67557383]	[ 0.76111111  3.        ]	[ 0.88611111  7.        ]  
13 	26    	[ 0.85533333  3.8       ]	[ 0.02365577  0.52915026]	[ 0.78194444  3.        ]	[ 0.88611111  5.        ]  
14 	32    	[ 0.84847222  3.78      ]	[ 0.02033525  0.4142463 ]	[ 0.81527778  3.        ]	[ 0.88472222  4.        ]  
15 	27    	[ 0.8485  3.78  ]        	[ 0.02343207  0.46      ]	[ 0.80555556  3.        ]	[ 0.88472222  5.        ]  
16 	29    	[ 0.85461111  3.64      ]	[ 0.02070598  0.55713553]	[ 0.80416667  3.        ]	[ 0.88472222  5.        ]  
17 	33    	[ 0.85522222  3.44      ]	[ 0.01929018  0.49638695]	[ 0.79166667  3.        ]	[ 0.88472222  4.        ]  
18 	28    	[ 0.85572222  3.38      ]	[ 0.02119253  0.56178288]	[ 0.77916667  2.        ]	[ 0.88472222  5.        ]  
19 	31    	[ 0.85163889  3.38      ]	[ 0.02147474  0.59632206]	[ 0.80555556  3.        ]	[ 0.88472222  6.        ]  
20 	34    	[ 0.84547222  3.44      ]	[ 0.02416477  0.6374951 ]	[ 0.78194444  2.        ]	[ 0.88472222  6.        ]  
21 	29    	[ 0.85227778  3.5       ]	[ 0.02113077  0.57445626]	[ 0.80138889  2.        ]	[ 0.88472222  5.        ]  
22 	24    	[ 0.85597222  3.26      ]	[ 0.02765145  0.52191953]	[ 0.75972222  2.        ]	[ 0.88472222  4.        ]  
23 	31    	[ 0.85416667  3.22      ]	[ 0.02737063  0.50159745]	[ 0.77222222  2.        ]	[ 0.88472222  5.        ]  
24 	29    	[ 0.84930556  3.16      ]	[ 0.02457235  0.41761226]	[ 0.77083333  3.        ]	[ 0.88472222  5.        ]  
25 	35    	[ 0.84852778  3.2       ]	[ 0.02402643  0.4472136 ]	[ 0.80555556  2.        ]	[ 0.88472222  4.        ]  
26 	29    	[ 0.85930556  3.28      ]	[ 0.02131345  0.49152823]	[ 0.81527778  3.        ]	[ 0.88472222  5.        ]  
27 	39    	[ 0.84883333  3.24      ]	[ 0.02169933  0.47159304]	[ 0.79027778  3.        ]	[ 0.88472222  5.        ]  
28 	34    	[ 0.83547222  3.12      ]	[ 0.02809569  0.38157568]	[ 0.74861111  3.        ]	[ 0.88472222  5.        ]  
29 	24    	[ 0.85144444  3.18      ]	[ 0.01935089  0.38418745]	[ 0.825  3.   ]          	[ 0.88472222  4.        ]  
30 	28    	[ 0.85372222  3.1       ]	[ 0.02333902  0.36055513]	[ 0.78333333  2.        ]	[ 0.88472222  4.        ]  
31 	30    	[ 0.85077778  3.06      ]	[ 0.02681262  0.46518813]	[ 0.74861111  2.        ]	[ 0.88472222  5.        ]  
32 	33    	[ 0.86319444  3.02      ]	[ 0.02350343  0.24413111]	[ 0.75  2.  ]            	[ 0.88472222  4.        ]  
33 	29    	[ 0.86191667  2.88      ]	[ 0.02295509  0.32496154]	[ 0.75972222  2.        ]	[ 0.88472222  3.        ]  
34 	30    	[ 0.85794444  3.        ]	[ 0.02164714  0.4472136 ]	[ 0.78472222  2.        ]	[ 0.88472222  4.        ]  
35 	33    	[ 0.857  2.9  ]          	[ 0.02470186  0.36055513]	[ 0.75833333  2.        ]	[ 0.88472222  4.        ]  
36 	25    	[ 0.85363889  2.92      ]	[ 0.02890343  0.44      ]	[ 0.77916667  2.        ]	[ 0.88472222  5.        ]  
37 	37    	[ 0.85466667  2.92      ]	[ 0.0233164  0.44     ]  	[ 0.79027778  2.        ]	[ 0.88472222  4.        ]  
38 	31    	[ 0.85680556  3.04      ]	[ 0.02349522  0.56426944]	[ 0.79027778  2.        ]	[ 0.88472222  5.        ]  
39 	32    	[ 0.85516667  2.98      ]	[ 0.02700314  0.50950957]	[ 0.75972222  2.        ]	[ 0.88472222  4.        ]  
40 	25    	[ 0.86111111  3.02      ]	[ 0.01974568  0.54735729]	[ 0.8125  2.    ]        	[ 0.88472222  5.        ]  
Number of features selected:  5
Selected features indexes are: [ True False  True False  True False False False  True  True]
svm.SVC
Selecting features with genetic algorithm.
gen	nevals	avg                      	std                                	min                      	max                      
0  	50    	[ 0.68333333  4.9       ]	[  1.11022302e-16   1.44568323e+00]	[ 0.68333333  1.        ]	[ 0.68333333  7.        ]
1  	33    	[ 0.68422222  3.5       ]	[ 0.00488889  1.3892444 ]          	[ 0.68333333  1.        ]	[ 0.71666667  7.        ]
2  	33    	[-599.35613889    2.36      ]	[  2.37503109e+03   1.12712022e+00]	[-10000.      0.]        	[ 0.71666667  4.        ]
3  	29    	[-999.38344444    2.02      ]	[  3.00020552e+03   1.08609392e+00]	[-10000.      0.]        	[ 0.71666667  5.        ]
4  	25    	[-399.33936111    1.9       ]	[  1.95972665e+03   9.21954446e-01]	[-10000.      0.]        	[ 0.71666667  4.        ]
5  	33    	[-199.31925    1.32   ]      	[  1.40009725e+03   5.45527268e-01]	[-10000.      0.]        	[ 0.71666667  3.        ]
6  	24    	[-199.31125    1.08   ]      	[  1.40009839e+03   3.91918359e-01]	[-10000.      0.]        	[ 0.71666667  3.        ]
7  	29    	[-599.331    1.08 ]          	[  2.37503744e+03   4.83321839e-01]	[-10000.      0.]        	[ 0.71666667  3.        ]
8  	36    	[ 0.714  1.1  ]              	[ 0.00904311  0.36055513]          	[ 0.68333333  1.        ]	[ 0.71666667  3.        ]
9  	29    	[-199.29833333    1.        ]	[  1.40010024e+03   2.00000000e-01]	[-10000.      0.]        	[ 0.71666667  2.        ]
10 	27    	[ 0.71466667  1.08      ]    	[ 0.00791623  0.33704599]          	[ 0.68333333  1.        ]	[ 0.71666667  3.        ]
11 	34    	[ 0.71266667  1.12      ]    	[ 0.01083205  0.32496154]          	[ 0.68333333  1.        ]	[ 0.71666667  2.        ]
12 	32    	[ 0.714  1.1  ]              	[ 0.00904311  0.36055513]          	[ 0.68333333  1.        ]	[ 0.71666667  3.        ]
13 	25    	[ 0.71333333  1.1       ]    	[ 0.01  0.3 ]                      	[ 0.68333333  1.        ]	[ 0.71666667  2.        ]
14 	23    	[ 0.71466667  1.06      ]    	[ 0.00791623  0.23748684]          	[ 0.68333333  1.        ]	[ 0.71666667  2.        ]
15 	28    	[ 0.71533333  1.04      ]    	[ 0.00653197  0.19595918]          	[ 0.68333333  1.        ]	[ 0.71666667  2.        ]
16 	38    	[-199.30033333    1.08      ]	[  1.40009995e+03   3.91918359e-01]	[-10000.      0.]        	[ 0.71666667  3.        ]
17 	32    	[ 0.71466667  1.06      ]    	[ 0.00791623  0.23748684]          	[ 0.68333333  1.        ]	[ 0.71666667  2.        ]
18 	32    	[ 0.714  1.1  ]              	[ 0.00904311  0.36055513]          	[ 0.68333333  1.        ]	[ 0.71666667  3.        ]
19 	31    	[ 0.71333333  1.1       ]    	[ 0.01  0.3 ]                      	[ 0.68333333  1.        ]	[ 0.71666667  2.        ]
20 	38    	[-199.30233333    1.12      ]	[  1.40009967e+03   3.81575681e-01]	[-10000.      0.]        	[ 0.71666667  2.        ]
21 	29    	[ 0.71466667  1.06      ]    	[ 0.00791623  0.23748684]          	[ 0.68333333  1.        ]	[ 0.71666667  2.        ]
22 	30    	[ 0.714  1.08 ]              	[ 0.00904311  0.2712932 ]          	[ 0.68333333  1.        ]	[ 0.71666667  2.        ]
23 	32    	[ 0.71175  1.12   ]          	[ 0.01229527  0.38157568]          	[ 0.67083333  1.        ]	[ 0.71666667  3.        ]
24 	39    	[ 0.71622222  1.        ]    	[ 0.00311111  0.        ]          	[ 0.69444444  1.        ]	[ 0.71666667  1.        ]
25 	29    	[-199.299    1.02 ]          	[  1.40010014e+03   2.44131112e-01]	[-10000.      0.]        	[ 0.71666667  2.        ]
26 	24    	[-199.301    1.1  ]          	[  1.40009986e+03   4.12310563e-01]	[-10000.      0.]        	[ 0.71666667  3.        ]
27 	32    	[-199.30033333    1.1       ]	[  1.40009995e+03   4.58257569e-01]	[-10000.      0.]        	[ 0.71666667  3.        ]
28 	30    	[-199.29966667    1.06      ]	[  1.40010005e+03   3.69323706e-01]	[-10000.      0.]        	[ 0.71666667  3.        ]
29 	30    	[-199.30033333    1.04      ]	[  1.40009995e+03   2.80000000e-01]	[-10000.      0.]        	[ 0.71666667  2.        ]
30 	35    	[ 0.71311111  1.1       ]    	[ 0.0100468  0.3      ]            	[ 0.68333333  1.        ]	[ 0.71666667  2.        ]
31 	27    	[ 0.71466667  1.06      ]    	[ 0.00791623  0.23748684]          	[ 0.68333333  1.        ]	[ 0.71666667  2.        ]
32 	26    	[ 0.716  1.04 ]              	[ 0.00466667  0.28      ]          	[ 0.68333333  1.        ]	[ 0.71666667  3.        ]
33 	32    	[-199.30033333    1.06      ]	[  1.40009995e+03   3.10483494e-01]	[-10000.      0.]        	[ 0.71666667  2.        ]
34 	31    	[ 0.71508333  1.02      ]    	[ 0.00785679  0.14      ]          	[ 0.67083333  1.        ]	[ 0.71666667  2.        ]
35 	27    	[ 0.71533333  1.04      ]    	[ 0.00653197  0.19595918]          	[ 0.68333333  1.        ]	[ 0.71666667  2.        ]
36 	32    	[-199.299    1.02 ]          	[  1.40010014e+03   2.44131112e-01]	[-10000.      0.]        	[ 0.71666667  2.        ]
37 	28    	[ 0.71466667  1.06      ]    	[ 0.00791623  0.23748684]          	[ 0.68333333  1.        ]	[ 0.71666667  2.        ]
38 	18    	[ 0.716  1.02 ]              	[ 0.00466667  0.14      ]          	[ 0.68333333  1.        ]	[ 0.71666667  2.        ]
39 	22    	[ 0.714  1.1  ]              	[ 0.00904311  0.36055513]          	[ 0.68333333  1.        ]	[ 0.71666667  3.        ]
40 	33    	[-199.29833333    1.        ]	[  1.40010024e+03   2.00000000e-01]	[-10000.      0.]        	[ 0.71666667  2.        ]
Number of features selected:  1
Selected features indexes are: [False False False False False False  True False False False]
50
MRMR
Decision Tree classifier
Selecting features with genetic algorithm.
gen	nevals	avg                        	std                      	min                        	max                
0  	50    	[  0.75280556  24.78      ]	[ 0.04038538  2.86558894]	[  0.67083333  19.        ]	[  0.8375  31.    ]
1  	27    	[  0.77766667  24.24      ]	[ 0.0353748   2.90213714]	[  0.70555556  17.        ]	[  0.83055556  32.        ]
2  	35    	[  0.79577778  24.04      ]	[ 0.03648203  3.58307131]	[  0.71666667  16.        ]	[  0.90833333  33.        ]
3  	33    	[  0.81355556  23.68      ]	[ 0.03731804  3.41432277]	[  0.7375  16.    ]        	[  0.90833333  30.        ]
4  	31    	[  0.83286111  24.08      ]	[ 0.04215785  2.8902595 ]	[  0.75  17.  ]            	[  0.90833333  30.        ]
5  	28    	[  0.86125  24.86   ]      	[ 0.03976227  2.51404057]	[  0.75277778  18.        ]	[  0.91666667  29.        ]
6  	29    	[  0.86327778  24.88      ]	[ 0.03785751  2.56624239]	[  0.75277778  18.        ]	[  0.91666667  29.        ]
7  	24    	[  0.88119444  25.        ]	[ 0.02838803  3.03315018]	[  0.79583333  18.        ]	[  0.93055556  30.        ]
8  	33    	[  0.87544444  24.1       ]	[ 0.03738711  3.50570963]	[  0.72638889  17.        ]	[  0.93055556  30.        ]
9  	37    	[  0.87525  22.28   ]      	[ 0.03304002  3.02681351]	[  0.76944444  17.        ]	[  0.93055556  27.        ]
10 	32    	[  0.89791667  21.5       ]	[ 0.02733431  2.70739727]	[  0.82777778  17.        ]	[  0.94166667  27.        ]
11 	32    	[  0.89844444  21.3       ]	[ 0.03220263  2.53968502]	[  0.72638889  16.        ]	[  0.94166667  27.        ]
12 	29    	[  0.90252778  20.4       ]	[ 0.03153688  2.59229628]	[  0.79305556  16.        ]	[  0.94166667  27.        ]
13 	35    	[  0.90191667  19.14      ]	[ 0.03771327  2.30659923]	[  0.78194444  15.        ]	[  0.95277778  25.        ]
14 	20    	[  0.91591667  18.86      ]	[ 0.03465795  1.93917508]	[  0.72777778  15.        ]	[  0.95277778  22.        ]
15 	37    	[  0.90719444  18.94      ]	[ 0.03415389  1.8374983 ]	[  0.79583333  16.        ]	[  0.95277778  23.        ]
16 	31    	[  0.90483333  19.08      ]	[ 0.0426072   1.67140659]	[  0.72777778  16.        ]	[  0.95277778  23.        ]
17 	38    	[  0.90611111  19.1       ]	[ 0.030787    1.74642492]	[  0.76388889  16.        ]	[  0.95277778  24.        ]
18 	36    	[  0.90191667  19.34      ]	[ 0.04393272  1.89325117]	[  0.69305556  15.        ]	[  0.95277778  23.        ]
19 	31    	[  0.91511111  19.82      ]	[ 0.03626425  1.92551292]	[  0.71666667  16.        ]	[  0.95277778  24.        ]
20 	28    	[  0.9175  19.46  ]        	[ 0.03039224  1.71125685]	[  0.77222222  16.        ]	[  0.95277778  24.        ]
21 	32    	[  0.91119444  19.62      ]	[ 0.04407696  1.73078017]	[  0.69305556  16.        ]	[  0.95277778  24.        ]
22 	31    	[  0.91475  19.74   ]      	[ 0.03108368  1.57238672]	[  0.78611111  16.        ]	[  0.95277778  23.        ]
23 	34    	[  0.90352778  19.72      ]	[ 0.03818026  1.29676521]	[  0.78333333  18.        ]	[  0.94166667  23.        ]
24 	29    	[  0.90477778  19.48      ]	[ 0.0306893   1.45931491]	[  0.80694444  17.        ]	[  0.94166667  25.        ]
25 	32    	[  0.90083333  19.5       ]	[ 0.04312539  1.56524758]	[  0.74027778  17.        ]	[  0.94166667  25.        ]
26 	34    	[  0.903  18.96 ]          	[ 0.04049973  1.68475518]	[  0.71666667  15.        ]	[  0.94166667  24.        ]
27 	28    	[  0.90919444  18.88      ]	[ 0.03260298  1.50519102]	[  0.78888889  14.        ]	[  0.94166667  21.        ]
28 	28    	[  0.91447222  19.32      ]	[ 0.03838472  1.42042247]	[  0.78333333  16.        ]	[  0.95277778  23.        ]
29 	31    	[  0.91211111  19.14      ]	[ 0.03555126  1.07721864]	[  0.7625  17.    ]        	[  0.94166667  22.        ]
30 	27    	[  0.91497222  19.1       ]	[ 0.03085121  1.17046999]	[  0.82638889  16.        ]	[  0.94166667  22.        ]
31 	30    	[  0.92027778  19.18      ]	[ 0.02751963  1.05242577]	[  0.81666667  17.        ]	[  0.94166667  23.        ]
32 	28    	[  0.91325  19.12   ]      	[ 0.04131725  0.95163018]	[  0.75138889  16.        ]	[  0.94166667  22.        ]
33 	33    	[  0.91227778  19.3       ]	[ 0.02942657  1.11803399]	[  0.82777778  16.        ]	[  0.94166667  22.        ]
34 	33    	[  0.91113889  19.4       ]	[ 0.0385476   1.07703296]	[  0.72916667  18.        ]	[  0.94166667  22.        ]
35 	31    	[  0.91108333  19.36      ]	[ 0.03228381  0.9329523 ]	[  0.80972222  17.        ]	[  0.94166667  22.        ]
36 	26    	[  0.91619444  19.54      ]	[ 0.03262513  0.96353516]	[  0.76388889  18.        ]	[  0.95277778  22.        ]
37 	32    	[  0.90991667  19.32      ]	[ 0.04212984  0.67646138]	[  0.75138889  19.        ]	[  0.95277778  22.        ]
38 	28    	[  0.91786111  19.22      ]	[ 0.03645352  0.94424573]	[  0.74027778  18.        ]	[  0.95277778  25.        ]
39 	24    	[  0.92083333  18.94      ]	[ 0.03601804  0.75921012]	[  0.78333333  16.        ]	[  0.95277778  21.        ]
40 	40    	[  0.90863889  19.24      ]	[ 0.03176676  0.99116094]	[  0.81805556  18.        ]	[  0.95277778  23.        ]
Number of features selected:  16
Selected features indexes are: [False False False False  True False  True False  True  True False False
 False False False  True  True False  True False  True False False False
 False False False False  True False False  True False False  True False
 False  True False False False  True False  True False False  True  True
 False False]
svm.SVC
Selecting features with genetic algorithm.
gen	nevals	avg                        	std                                	min                        	max                        
0  	50    	[  0.68333333  25.8       ]	[  1.11022302e-16   3.90896406e+00]	[  0.68333333  16.        ]	[  0.68333333  33.        ]
1  	25    	[  0.68333333  22.36      ]	[  1.11022302e-16   2.55937492e+00]	[  0.68333333  16.        ]	[  0.68333333  28.        ]
2  	39    	[  0.68333333  20.54      ]	[  1.11022302e-16   2.57844915e+00]	[  0.68333333  16.        ]	[  0.68333333  28.        ]
3  	28    	[  0.68333333  18.78      ]	[  1.11022302e-16   2.10988151e+00]	[  0.68333333  13.        ]	[  0.68333333  24.        ]
4  	34    	[  0.68333333  17.3       ]	[  1.11022302e-16   2.09045450e+00]	[  0.68333333  13.        ]	[  0.68333333  22.        ]
5  	36    	[  0.68333333  15.44      ]	[  1.11022302e-16   1.93038856e+00]	[  0.68333333  11.        ]	[  0.68333333  19.        ]
6  	34    	[  0.68333333  14.12      ]	[  1.11022302e-16   1.81813091e+00]	[  0.68333333  10.        ]	[  0.68333333  18.        ]
7  	30    	[  0.68333333  12.88      ]	[  1.11022302e-16   1.71627504e+00]	[ 0.68333333  9.        ]  	[  0.68333333  17.        ]
8  	30    	[  0.68333333  11.52      ]	[  1.11022302e-16   1.40342438e+00]	[ 0.68333333  9.        ]  	[  0.68333333  15.        ]
9  	35    	[  0.68333333  10.48      ]	[  1.11022302e-16   1.59047163e+00]	[ 0.68333333  7.        ]  	[  0.68333333  14.        ]
10 	28    	[ 0.68333333  9.54      ]  	[  1.11022302e-16   1.35955875e+00]	[ 0.68333333  7.        ]  	[  0.68333333  14.        ]
11 	36    	[ 0.68333333  9.4       ]  	[  1.11022302e-16   2.16333077e+00]	[ 0.68333333  5.        ]  	[  0.68333333  15.        ]
12 	29    	[ 0.68333333  7.94      ]  	[  1.11022302e-16   1.65420676e+00]	[ 0.68333333  5.        ]  	[  0.68333333  12.        ]
13 	29    	[ 0.68333333  6.9       ]  	[  1.11022302e-16   1.84661853e+00]	[ 0.68333333  4.        ]  	[  0.68333333  11.        ]
14 	32    	[ 0.68333333  5.86      ]  	[  1.11022302e-16   1.34178985e+00]	[ 0.68333333  4.        ]  	[  0.68333333  10.        ]
15 	37    	[ 0.68333333  5.22      ]  	[  1.11022302e-16   1.28514591e+00]	[ 0.68333333  3.        ]  	[ 0.68333333  9.        ]  
16 	35    	[ 0.68333333  4.74      ]  	[  1.11022302e-16   1.09197070e+00]	[ 0.68333333  3.        ]  	[ 0.68333333  8.        ]  
17 	26    	[ 0.68333333  4.22      ]  	[  1.11022302e-16   1.28514591e+00]	[ 0.68333333  3.        ]  	[ 0.68333333  8.        ]  
18 	28    	[ 0.68333333  3.54      ]  	[  1.11022302e-16   1.00419122e+00]	[ 0.68333333  2.        ]  	[ 0.68333333  7.        ]  
19 	34    	[ 0.68333333  3.66      ]  	[  1.11022302e-16   1.54415025e+00]	[ 0.68333333  2.        ]  	[ 0.68333333  9.        ]  
20 	29    	[ 0.68333333  3.        ]  	[  1.11022302e-16   1.37113092e+00]	[ 0.68333333  2.        ]  	[ 0.68333333  8.        ]  
21 	26    	[ 0.68333333  3.06      ]  	[  1.11022302e-16   1.50213182e+00]	[ 0.68333333  2.        ]  	[ 0.68333333  7.        ]  
22 	27    	[ 0.68333333  2.8       ]  	[  1.11022302e-16   1.40000000e+00]	[ 0.68333333  2.        ]  	[ 0.68333333  8.        ]  
23 	33    	[ 0.68333333  2.32      ]  	[  1.11022302e-16   7.05407684e-01]	[ 0.68333333  2.        ]  	[ 0.68333333  5.        ]  
24 	29    	[ 0.68333333  2.32      ]  	[  1.11022302e-16   9.47417543e-01]	[ 0.68333333  2.        ]  	[ 0.68333333  7.        ]  
25 	26    	[ 0.68333333  2.7       ]  	[  1.11022302e-16   1.43178211e+00]	[ 0.68333333  2.        ]  	[ 0.68333333  8.        ]  
26 	33    	[ 0.68333333  2.48      ]  	[  1.11022302e-16   1.04383907e+00]	[ 0.68333333  2.        ]  	[ 0.68333333  6.        ]  
27 	27    	[ 0.68333333  2.06      ]  	[  1.11022302e-16   4.20000000e-01]	[ 0.68333333  2.        ]  	[ 0.68333333  5.        ]  
28 	30    	[ 0.68311111  2.4       ]  	[ 0.00155556  1.0198039 ]          	[ 0.67222222  1.        ]  	[ 0.68333333  7.        ]  
29 	29    	[ 0.68333333  2.64      ]  	[  1.11022302e-16   1.33805829e+00]	[ 0.68333333  2.        ]  	[ 0.68333333  8.        ]  
30 	33    	[ 0.68333333  2.48      ]  	[  1.11022302e-16   1.34521374e+00]	[ 0.68333333  2.        ]  	[ 0.68333333  8.        ]  
31 	27    	[ 0.68311111  2.52      ]  	[ 0.00155556  1.26870012]          	[ 0.67222222  1.        ]  	[ 0.68333333  8.        ]  
32 	42    	[ 0.68333333  2.86      ]  	[  1.11022302e-16   1.42842571e+00]	[ 0.68333333  2.        ]  	[ 0.68333333  8.        ]  
33 	24    	[ 0.684  2.62 ]            	[ 0.00466667  1.38405202]          	[ 0.68333333  1.        ]  	[ 0.71666667  8.        ]  
34 	20    	[ 0.68466667  2.28      ]  	[ 0.00653197  0.9173876 ]          	[ 0.68333333  1.        ]  	[ 0.71666667  6.        ]  
35 	35    	[ 0.68733333  2.48      ]  	[ 0.01083205  1.45931491]          	[ 0.68333333  1.        ]  	[ 0.71666667  9.        ]  
36 	28    	[ 0.69111111  2.12      ]  	[ 0.01444444  1.03227903]          	[ 0.67222222  1.        ]  	[ 0.71666667  5.        ]  
37 	20    	[ 0.702  1.7  ]            	[ 0.01654623  1.31529464]          	[ 0.68333333  1.        ]  	[ 0.71666667  9.        ]  
38 	28    	[ 0.71044444  1.38      ]  	[ 0.01336293  0.99779757]          	[ 0.67222222  1.        ]  	[ 0.71666667  5.        ]  
39 	33    	[ 0.71066667  1.4       ]  	[ 0.01280625  1.        ]          	[ 0.68333333  1.        ]  	[ 0.71666667  5.        ]  
40 	28    	[ 0.712  1.4  ]            	[ 0.01156623  1.14891253]          	[ 0.68333333  1.        ]  	[ 0.71666667  7.        ]  
Number of features selected:  1
Selected features indexes are: [False False False False False False False False False False False False
 False False False False False False False False False False False False
 False False False False False False False False False False False False
 False False False False False False False False False False False False
  True False]
100
MRMR
Decision Tree classifier
Selecting features with genetic algorithm.
gen	nevals	avg                        	std                      	min                        	max                        
0  	50    	[  0.69930556  50.8       ]	[ 0.04255828  5.535341  ]	[  0.60416667  41.        ]	[  0.77777778  65.        ]
1  	34    	[  0.71613889  51.22      ]	[ 0.03746077  5.16251877]	[  0.63611111  42.        ]	[  0.78888889  63.        ]
2  	31    	[  0.73488889  49.86      ]	[ 0.03419222  5.72017482]	[  0.65972222  42.        ]	[  0.83194444  63.        ]
3  	29    	[  0.75683333  47.78      ]	[ 0.03816978  5.20495917]	[  0.63888889  42.        ]	[  0.83888889  62.        ]
4  	31    	[  0.76627778  46.36      ]	[ 0.04269747  3.84582891]	[  0.68333333  38.        ]	[  0.83888889  56.        ]
5  	27    	[  0.77777778  46.18      ]	[ 0.04364206  4.11674629]	[  0.63888889  39.        ]	[  0.83888889  56.        ]
6  	36    	[  0.78583333  45.38      ]	[ 0.0442426   3.50935892]	[  0.69027778  40.        ]	[  0.875  55.   ]          
7  	35    	[  0.76788889  45.38      ]	[ 0.04652727  3.59382804]	[  0.67083333  39.        ]	[  0.85277778  55.        ]
8  	31    	[  0.77763889  44.64      ]	[ 0.03752391  3.65381992]	[  0.68472222  37.        ]	[  0.84305556  51.        ]
9  	29    	[  0.79147222  45.3       ]	[ 0.03796625  3.6180105 ]	[  0.69166667  37.        ]	[  0.875  51.   ]          
10 	33    	[  0.79766667  45.62      ]	[ 0.03438777  3.51505334]	[  0.71388889  38.        ]	[  0.8875  54.    ]        
11 	34    	[  0.80630556  44.88      ]	[ 0.04019072  2.68059695]	[  0.71527778  38.        ]	[  0.8875  51.    ]        
12 	28    	[  0.82805556  44.76      ]	[ 0.03230115  3.06959281]	[  0.74166667  38.        ]	[  0.8875  52.    ]        
13 	24    	[  0.84572222  44.26      ]	[ 0.02985024  2.43975409]	[  0.775  40.   ]          	[  0.8875  50.    ]        
14 	38    	[  0.83633333  44.32      ]	[ 0.04591521  2.3869646 ]	[  0.69583333  39.        ]	[  0.89861111  49.        ]
15 	32    	[  0.84383333  43.96      ]	[ 0.03742602  1.92831533]	[  0.71805556  39.        ]	[  0.8875  49.    ]        
16 	33    	[  0.84577778  43.62      ]	[ 0.0350253   2.11556139]	[  0.69305556  38.        ]	[  0.8875  48.    ]        
17 	37    	[  0.84258333  43.54      ]	[ 0.03745533  2.48362638]	[  0.74166667  37.        ]	[  0.8875  50.    ]        
18 	27    	[  0.85208333  42.84      ]	[ 0.0301568   2.04313485]	[  0.75833333  39.        ]	[  0.8875  46.    ]        
19 	31    	[  0.84775  43.14   ]      	[ 0.03635377  1.69717412]	[  0.71805556  38.        ]	[  0.8875  46.    ]        
20 	27    	[  0.85272222  43.08      ]	[ 0.03481982  1.7302023 ]	[  0.69722222  38.        ]	[  0.8875  47.    ]        
21 	27    	[  0.84988889  42.88      ]	[ 0.04241899  1.85083765]	[  0.71527778  38.        ]	[  0.89722222  47.        ]
22 	34    	[  0.84369444  43.28      ]	[ 0.0465236   1.97017766]	[  0.6625  39.    ]        	[  0.8875  52.    ]        
23 	30    	[  0.85302778  43.38      ]	[ 0.02954998  1.39842769]	[  0.7625  40.    ]        	[  0.8875  47.    ]        
24 	27    	[  0.85088889  43.62      ]	[ 0.03568094  1.27890578]	[  0.74722222  41.        ]	[  0.8875  48.    ]        
25 	30    	[  0.85488889  43.2       ]	[ 0.03498814  1.16619038]	[  0.73194444  41.        ]	[  0.89861111  46.        ]
26 	28    	[  0.85727778  43.12      ]	[ 0.03143625  1.30598622]	[  0.7625  41.    ]        	[  0.89861111  48.        ]
27 	25    	[  0.85858333  42.6       ]	[ 0.03090169  1.38564065]	[  0.76388889  39.        ]	[  0.89861111  47.        ]
28 	41    	[  0.84983333  42.34      ]	[ 0.030598    1.25872952]	[  0.75  38.  ]            	[  0.89861111  45.        ]
29 	27    	[  0.84647222  42.32      ]	[ 0.03099085  1.52892119]	[  0.7625  38.    ]        	[  0.89861111  46.        ]
30 	27    	[  0.84991667  42.46      ]	[ 0.03588004  1.71125685]	[  0.72638889  40.        ]	[  0.89861111  47.        ]
31 	27    	[  0.85744444  42.2       ]	[ 0.03714     1.62480768]	[  0.75138889  37.        ]	[  0.90972222  47.        ]
32 	25    	[  0.86166667  41.8       ]	[ 0.0329679   1.41421356]	[  0.75277778  38.        ]	[  0.89861111  45.        ]
33 	32    	[  0.83952778  41.98      ]	[ 0.044356    1.70282119]	[  0.76388889  39.        ]	[  0.89861111  46.        ]
34 	29    	[  0.85055556  41.4       ]	[ 0.03879453  1.73205081]	[  0.72916667  38.        ]	[  0.89861111  47.        ]
35 	31    	[  0.85783333  41.42      ]	[ 0.03055273  1.62591513]	[  0.77361111  35.        ]	[  0.89861111  44.        ]
36 	26    	[  0.85752778  41.46      ]	[ 0.03833342  2.16527135]	[  0.75138889  35.        ]	[  0.89861111  47.        ]
37 	35    	[  0.86333333  41.54      ]	[ 0.03220186  1.51274585]	[  0.78333333  38.        ]	[  0.90833333  45.        ]
38 	27    	[  0.86327778  41.68      ]	[ 0.04108685  1.34818396]	[  0.7375  40.    ]        	[  0.92083333  45.        ]
39 	35    	[  0.84494444  41.16      ]	[ 0.04578176  1.30169121]	[  0.71666667  38.        ]	[  0.90833333  45.        ]
40 	27    	[  0.85608333  41.44      ]	[ 0.03745562  1.6390241 ]	[  0.74861111  38.        ]	[  0.90972222  46.        ]
Number of features selected:  42
Selected features indexes are: [False False  True  True  True False False  True False False False False
  True False  True  True False  True False  True  True False  True  True
  True False False False False False False False  True False False  True
  True  True False False False  True  True  True  True  True False False
  True False False False  True  True  True False  True False  True False
 False False False  True False False False  True False False False  True
 False  True  True  True  True False False  True False False False False
 False  True False False  True False  True False  True  True False False
 False False False  True]
svm.SVC
Selecting features with genetic algorithm.
gen	nevals	avg                        	std                                	min                        	max                        
0  	50    	[  0.68333333  51.38      ]	[  1.11022302e-16   5.91570790e+00]	[  0.68333333  34.        ]	[  0.68333333  62.        ]
1  	34    	[  0.68333333  46.22      ]	[  1.11022302e-16   4.39222040e+00]	[  0.68333333  36.        ]	[  0.68333333  54.        ]
2  	22    	[  0.68333333  42.94      ]	[  1.11022302e-16   3.52369125e+00]	[  0.68333333  36.        ]	[  0.68333333  50.        ]
3  	29    	[  0.68333333  41.02      ]	[  1.11022302e-16   3.80783403e+00]	[  0.68333333  31.        ]	[  0.68333333  51.        ]
4  	26    	[  0.68333333  37.78      ]	[  1.11022302e-16   2.66300582e+00]	[  0.68333333  31.        ]	[  0.68333333  46.        ]
5  	24    	[  0.68333333  36.44      ]	[  1.11022302e-16   2.44262154e+00]	[  0.68333333  28.        ]	[  0.68333333  41.        ]
6  	28    	[  0.68333333  35.1       ]	[  1.11022302e-16   2.50798724e+00]	[  0.68333333  28.        ]	[  0.68333333  41.        ]
7  	33    	[  0.68333333  33.44      ]	[  1.11022302e-16   3.08648668e+00]	[  0.68333333  27.        ]	[  0.68333333  40.        ]
8  	27    	[  0.68333333  30.94      ]	[  1.11022302e-16   2.88034720e+00]	[  0.68333333  24.        ]	[  0.68333333  39.        ]
9  	35    	[  0.68333333  29.38      ]	[  1.11022302e-16   3.23041793e+00]	[  0.68333333  23.        ]	[  0.68333333  36.        ]
10 	33    	[  0.68333333  27.68      ]	[  1.11022302e-16   3.18395980e+00]	[  0.68333333  20.        ]	[  0.68333333  33.        ]
11 	27    	[  0.68333333  26.04      ]	[  1.11022302e-16   3.13023961e+00]	[  0.68333333  20.        ]	[  0.68333333  33.        ]
12 	24    	[  0.68333333  23.84      ]	[  1.11022302e-16   2.42783854e+00]	[  0.68333333  20.        ]	[  0.68333333  30.        ]
13 	32    	[  0.68333333  21.9       ]	[  1.11022302e-16   1.90000000e+00]	[  0.68333333  19.        ]	[  0.68333333  28.        ]
14 	37    	[  0.68333333  20.96      ]	[  1.11022302e-16   1.91791554e+00]	[  0.68333333  17.        ]	[  0.68333333  26.        ]
15 	25    	[  0.68333333  19.6       ]	[  1.11022302e-16   2.09761770e+00]	[  0.68333333  16.        ]	[  0.68333333  24.        ]
16 	32    	[  0.68333333  18.56      ]	[  1.11022302e-16   2.61656263e+00]	[  0.68333333  15.        ]	[  0.68333333  29.        ]
17 	26    	[  0.68333333  17.24      ]	[  1.11022302e-16   2.07422275e+00]	[  0.68333333  12.        ]	[  0.68333333  26.        ]
18 	28    	[  0.68333333  16.36      ]	[  1.11022302e-16   1.83040979e+00]	[  0.68333333  14.        ]	[  0.68333333  22.        ]
19 	29    	[  0.68333333  16.06      ]	[  1.11022302e-16   2.30139088e+00]	[  0.68333333  12.        ]	[  0.68333333  24.        ]
20 	28    	[  0.68333333  14.86      ]	[  1.11022302e-16   2.08815708e+00]	[  0.68333333  11.        ]	[  0.68333333  19.        ]
21 	33    	[  0.68333333  14.16      ]	[  1.11022302e-16   1.83695400e+00]	[  0.68333333  11.        ]	[  0.68333333  19.        ]
22 	39    	[  0.68333333  13.2       ]	[  1.11022302e-16   1.81107703e+00]	[  0.68333333  10.        ]	[  0.68333333  17.        ]
23 	36    	[  0.68333333  12.34      ]	[  1.11022302e-16   2.00609073e+00]	[ 0.68333333  9.        ]  	[  0.68333333  18.        ]
24 	33    	[  0.68333333  11.48      ]	[  1.11022302e-16   1.92083315e+00]	[ 0.68333333  8.        ]  	[  0.68333333  18.        ]
25 	28    	[  0.68333333  10.78      ]	[  1.11022302e-16   1.99288735e+00]	[ 0.68333333  6.        ]  	[  0.68333333  17.        ]
26 	32    	[  0.68333333  10.56      ]	[  1.11022302e-16   2.57806129e+00]	[ 0.68333333  6.        ]  	[  0.68333333  19.        ]
27 	35    	[  0.68333333  10.08      ]	[  1.11022302e-16   3.21770104e+00]	[ 0.68333333  6.        ]  	[  0.68333333  20.        ]
28 	25    	[ 0.68333333  8.24      ]  	[  1.11022302e-16   1.53049012e+00]	[ 0.68333333  6.        ]  	[  0.68333333  12.        ]
29 	29    	[ 0.68333333  7.74      ]  	[  1.11022302e-16   2.28744399e+00]	[ 0.68333333  4.        ]  	[  0.68333333  16.        ]
30 	35    	[ 0.68333333  6.88      ]  	[  1.11022302e-16   2.05562643e+00]	[ 0.68333333  4.        ]  	[  0.68333333  13.        ]
31 	32    	[ 0.68333333  5.9       ]  	[  1.11022302e-16   2.02237484e+00]	[ 0.68333333  4.        ]  	[  0.68333333  12.        ]
32 	30    	[ 0.68333333  5.74      ]  	[  1.11022302e-16   2.62152627e+00]	[ 0.68333333  3.        ]  	[  0.68333333  15.        ]
33 	36    	[ 0.68333333  5.38      ]  	[  1.11022302e-16   2.62975284e+00]	[ 0.68333333  3.        ]  	[  0.68333333  16.        ]
34 	29    	[ 0.68333333  4.58      ]  	[  1.11022302e-16   1.95028203e+00]	[ 0.68333333  3.        ]  	[  0.68333333  11.        ]
35 	28    	[ 0.68333333  4.8       ]  	[  1.11022302e-16   2.45764115e+00]	[ 0.68333333  3.        ]  	[  0.68333333  12.        ]
36 	36    	[ 0.68333333  3.74      ]  	[  1.11022302e-16   1.59762323e+00]	[ 0.68333333  3.        ]  	[  0.68333333  11.        ]
37 	23    	[ 0.68333333  3.38      ]  	[  1.11022302e-16   1.09343495e+00]	[ 0.68333333  3.        ]  	[ 0.68333333  8.        ]  
38 	30    	[ 0.68333333  3.98      ]  	[  1.11022302e-16   1.94411934e+00]	[ 0.68333333  3.        ]  	[  0.68333333  11.        ]
39 	29    	[ 0.68333333  3.66      ]  	[  1.11022302e-16   1.42281411e+00]	[ 0.68333333  3.        ]  	[ 0.68333333  9.        ]  
40 	27    	[ 0.68333333  4.56      ]  	[  1.11022302e-16   2.80827349e+00]	[ 0.68333333  3.        ]  	[  0.68333333  16.        ]
Number of features selected:  3
Selected features indexes are: [False False False False False False False False False False False False
 False False False False False False False False False False False False
 False False False False False False False False False False False False
 False False False False False False False False False False False False
 False False False False False False False False False False False False
 False False False False False False False False False False False False
 False False False False False False  True False False False False False
 False False False False  True False False False False False False False
 False  True False False]
150
MRMR
Decision Tree classifier
Selecting features with genetic algorithm.
gen	nevals	avg                        	std                      	min                        	max                        
0  	50    	[  0.70113889  74.76      ]	[ 0.0453771   5.99519808]	[  0.56111111  61.        ]	[  0.79583333  86.        ]
1  	30    	[  0.71844444  74.18      ]	[ 0.04363856  5.75044346]	[  0.6125  61.    ]        	[  0.79305556  86.        ]
2  	30    	[  0.73077778  74.34      ]	[ 0.04661154  6.21485318]	[  0.62361111  63.        ]	[  0.81805556  91.        ]
3  	31    	[  0.73686111  73.9       ]	[ 0.04799467  5.56866232]	[  0.60138889  64.        ]	[  0.80833333  89.        ]
4  	28    	[  0.74963889  72.64      ]	[ 0.04710673  4.63793057]	[  0.59305556  64.        ]	[  0.80833333  89.        ]
5  	28    	[  0.76380556  73.28      ]	[ 0.04022833  5.35552052]	[  0.64583333  60.        ]	[  0.82222222  89.        ]
6  	27    	[  0.76027778  74.        ]	[ 0.0445147   5.41479455]	[  0.58194444  65.        ]	[  0.82222222  85.        ]
7  	37    	[  0.75786111  72.5       ]	[ 0.03168811  5.3860932 ]	[  0.68472222  64.        ]	[  0.81805556  83.        ]
8  	24    	[  0.75805556  71.9       ]	[ 0.03823256  5.5       ]	[  0.65972222  60.        ]	[  0.81805556  82.        ]
9  	25    	[  0.777  71.48 ]          	[ 0.02655672  5.54703524]	[  0.70555556  62.        ]	[  0.82083333  84.        ]
10 	24    	[  0.78727778  71.58      ]	[ 0.03334416  5.49213984]	[  0.69166667  64.        ]	[  0.83194444  83.        ]
11 	34    	[  0.78041667  71.14      ]	[ 0.03697289  5.42590085]	[  0.68194444  63.        ]	[  0.83194444  82.        ]
12 	29    	[  0.79194444  69.24      ]	[ 0.03462319  4.91756037]	[  0.69722222  63.        ]	[  0.84027778  86.        ]
13 	24    	[  0.79319444  68.76      ]	[ 0.04577627  4.14516586]	[  0.65555556  60.        ]	[  0.85277778  80.        ]
14 	29    	[  0.7975  67.6   ]        	[ 0.03964834  3.5665109 ]	[  0.69444444  61.        ]	[  0.86388889  79.        ]
15 	35    	[  0.80186111  67.04      ]	[ 0.03644568  4.0494938 ]	[  0.725  61.   ]          	[  0.86527778  81.        ]
16 	26    	[  0.81552778  65.94      ]	[ 0.03772739  3.57440904]	[  0.71944444  60.        ]	[  0.86527778  76.        ]
17 	32    	[  0.81666667  66.02      ]	[ 0.03708307  3.67961955]	[  0.69444444  58.        ]	[  0.86527778  78.        ]
18 	25    	[  0.83286111  65.64      ]	[ 0.03816449  3.20474648]	[  0.72638889  58.        ]	[  0.88611111  72.        ]
19 	35    	[  0.83183333  64.52      ]	[ 0.03826871  2.85825121]	[  0.70555556  59.        ]	[  0.88611111  70.        ]
20 	29    	[  0.84677778  64.7       ]	[ 0.03346783  3.54541958]	[  0.75277778  57.        ]	[  0.8875  78.    ]        
21 	26    	[  0.86027778  63.84      ]	[ 0.02020726  3.10715304]	[  0.81805556  56.        ]	[  0.8875  70.    ]        
22 	26    	[  0.8535  62.96  ]        	[ 0.03303132  2.95269369]	[  0.7625  56.    ]        	[  0.8875  69.    ]        
23 	31    	[  0.8515  63.2   ]        	[ 0.03479419  3.62215406]	[  0.71805556  55.        ]	[  0.8875  71.    ]        
24 	32    	[  0.85677778  63.5       ]	[ 0.02645261  2.19317122]	[  0.7625  58.    ]        	[  0.8875  69.    ]        
25 	17    	[  0.86597222  63.62      ]	[ 0.02195192  2.36550206]	[  0.79444444  59.        ]	[  0.8875  70.    ]        
26 	34    	[  0.84352778  63.78      ]	[ 0.03919779  2.59453271]	[  0.7375  57.    ]        	[  0.8875  71.    ]        
27 	32    	[  0.85319444  62.78      ]	[ 0.03120923  2.42726183]	[  0.72638889  57.        ]	[  0.89722222  72.        ]
28 	33    	[  0.84986111  62.28      ]	[ 0.03778824  3.19399436]	[  0.73888889  54.        ]	[  0.8875  69.    ]        
29 	29    	[  0.85138889  62.4       ]	[ 0.03610149  2.84956137]	[  0.75416667  57.        ]	[  0.8875  70.    ]        
30 	30    	[  0.85786111  62.34      ]	[ 0.03216303  2.26812698]	[  0.77361111  57.        ]	[  0.8875  68.    ]        
31 	28    	[  0.85469444  62.32      ]	[ 0.03788271  2.35321057]	[  0.67222222  57.        ]	[  0.8875  68.    ]        
32 	29    	[  0.85980556  61.94      ]	[ 0.03372617  2.11101871]	[  0.71666667  58.        ]	[  0.8875  66.    ]        
33 	26    	[  0.85405556  61.62      ]	[ 0.03675058  2.15304436]	[  0.72777778  59.        ]	[  0.8875  70.    ]        
34 	36    	[  0.84366667  61.76      ]	[ 0.03727935  2.59661318]	[  0.74166667  58.        ]	[  0.8875  69.    ]        
35 	33    	[  0.85258333  61.2       ]	[ 0.02517073  2.47386338]	[  0.79444444  57.        ]	[  0.89861111  70.        ]
36 	33    	[  0.84894444  61.34      ]	[ 0.03354281  2.48684539]	[  0.75  58.  ]            	[  0.89861111  69.        ]
37 	30    	[  0.85136111  61.54      ]	[ 0.03505121  2.11858443]	[  0.75  59.  ]            	[  0.89861111  68.        ]
38 	35    	[  0.84736111  60.96      ]	[ 0.02979385  2.27121113]	[  0.78333333  56.        ]	[  0.89861111  67.        ]
39 	25    	[  0.85266667  60.38      ]	[ 0.03270453  1.71918585]	[  0.74861111  58.        ]	[  0.89861111  64.        ]
40 	32    	[  0.84630556  60.56      ]	[ 0.03432395  2.4992799 ]	[  0.76388889  54.        ]	[  0.89861111  67.        ]
Number of features selected:  59
Selected features indexes are: [ True  True  True  True False False False False  True  True False False
 False False False  True False  True False  True  True False False  True
 False  True False  True  True False False False False False False False
 False  True False False  True False False False  True  True False  True
 False False False False  True False False  True  True False False False
 False False  True  True False False  True False  True False  True False
 False  True  True  True  True  True  True False False  True False  True
 False  True  True  True False False False  True False False False  True
 False False  True False False  True False False False  True  True  True
 False False False False  True False  True False  True  True  True False
  True False  True  True False False False False False False  True False
  True  True  True False False False False False False False False  True
 False  True False False False False]
svm.SVC
Selecting features with genetic algorithm.
gen	nevals	avg                        	std                                	min                        	max                        
0  	50    	[  0.68333333  74.36      ]	[  1.11022302e-16   7.07038896e+00]	[  0.68333333  50.        ]	[  0.68333333  90.        ]
1  	37    	[  0.68333333  68.54      ]	[  1.11022302e-16   7.07731588e+00]	[  0.68333333  50.        ]	[  0.68333333  84.        ]
2  	33    	[  0.68333333  62.6       ]	[  1.11022302e-16   6.05970296e+00]	[  0.68333333  50.        ]	[  0.68333333  74.        ]
3  	25    	[  0.68333333  57.9       ]	[  1.11022302e-16   5.25071424e+00]	[  0.68333333  46.        ]	[  0.68333333  69.        ]
4  	20    	[  0.68333333  53.78      ]	[  1.11022302e-16   4.63590336e+00]	[  0.68333333  46.        ]	[  0.68333333  65.        ]
5  	29    	[  0.68333333  50.94      ]	[  1.11022302e-16   2.99606408e+00]	[  0.68333333  46.        ]	[  0.68333333  58.        ]
6  	33    	[  0.68333333  49.52      ]	[  1.11022302e-16   2.36845941e+00]	[  0.68333333  44.        ]	[  0.68333333  56.        ]
7  	23    	[  0.68333333  48.32      ]	[  1.11022302e-16   2.36169431e+00]	[  0.68333333  43.        ]	[  0.68333333  55.        ]
8  	41    	[  0.68333333  47.18      ]	[  1.11022302e-16   2.91677905e+00]	[  0.68333333  42.        ]	[  0.68333333  59.        ]
9  	25    	[  0.68333333  45.6       ]	[  1.11022302e-16   2.48193473e+00]	[  0.68333333  41.        ]	[  0.68333333  55.        ]
10 	30    	[  0.68333333  44.42      ]	[  1.11022302e-16   2.63127346e+00]	[  0.68333333  38.        ]	[  0.68333333  51.        ]
11 	37    	[  0.68333333  43.12      ]	[  1.11022302e-16   3.19774921e+00]	[  0.68333333  38.        ]	[  0.68333333  55.        ]
12 	21    	[  0.68333333  41.06      ]	[  1.11022302e-16   2.00409581e+00]	[  0.68333333  37.        ]	[  0.68333333  47.        ]
13 	31    	[  0.68333333  40.86      ]	[  1.11022302e-16   3.29854513e+00]	[  0.68333333  34.        ]	[  0.68333333  48.        ]
14 	30    	[  0.68333333  39.22      ]	[  1.11022302e-16   3.30024242e+00]	[  0.68333333  32.        ]	[  0.68333333  48.        ]
15 	27    	[  0.68333333  37.68      ]	[  1.11022302e-16   2.96270147e+00]	[  0.68333333  32.        ]	[  0.68333333  45.        ]
16 	26    	[  0.68333333  35.4       ]	[  1.11022302e-16   2.80000000e+00]	[  0.68333333  30.        ]	[  0.68333333  44.        ]
17 	37    	[  0.68333333  33.44      ]	[  1.11022302e-16   2.66202930e+00]	[  0.68333333  30.        ]	[  0.68333333  42.        ]
18 	28    	[  0.68333333  32.38      ]	[  1.11022302e-16   2.48909622e+00]	[  0.68333333  28.        ]	[  0.68333333  39.        ]
19 	39    	[  0.68333333  30.8       ]	[  1.11022302e-16   2.25388553e+00]	[  0.68333333  27.        ]	[  0.68333333  38.        ]
20 	29    	[  0.68333333  30.42      ]	[  1.11022302e-16   2.45837345e+00]	[  0.68333333  27.        ]	[  0.68333333  38.        ]
21 	38    	[  0.68333333  30.        ]	[  1.11022302e-16   3.00000000e+00]	[  0.68333333  26.        ]	[  0.68333333  38.        ]
22 	35    	[  0.68333333  29.4       ]	[  1.11022302e-16   2.87749891e+00]	[  0.68333333  25.        ]	[  0.68333333  37.        ]
23 	26    	[  0.68333333  27.98      ]	[  1.11022302e-16   2.34512260e+00]	[  0.68333333  24.        ]	[  0.68333333  39.        ]
24 	20    	[  0.68333333  27.34      ]	[  1.11022302e-16   2.71742525e+00]	[  0.68333333  24.        ]	[  0.68333333  38.        ]
25 	30    	[  0.68333333  26.14      ]	[  1.11022302e-16   2.40008333e+00]	[  0.68333333  22.        ]	[  0.68333333  33.        ]
26 	27    	[  0.68333333  25.1       ]	[  1.11022302e-16   3.11929479e+00]	[  0.68333333  21.        ]	[  0.68333333  35.        ]
27 	27    	[  0.68333333  23.96      ]	[  1.11022302e-16   2.93911551e+00]	[  0.68333333  21.        ]	[  0.68333333  32.        ]
28 	30    	[  0.68333333  23.14      ]	[  1.11022302e-16   2.18183409e+00]	[  0.68333333  21.        ]	[  0.68333333  31.        ]
29 	29    	[  0.68333333  23.04      ]	[  1.11022302e-16   3.09166622e+00]	[  0.68333333  21.        ]	[  0.68333333  34.        ]
30 	21    	[  0.68333333  22.16      ]	[  1.11022302e-16   2.34401365e+00]	[  0.68333333  21.        ]	[  0.68333333  30.        ]
31 	33    	[  0.68333333  22.06      ]	[  1.11022302e-16   2.36989451e+00]	[  0.68333333  21.        ]	[  0.68333333  29.        ]
32 	27    	[  0.68333333  21.64      ]	[  1.11022302e-16   1.74080441e+00]	[  0.68333333  21.        ]	[  0.68333333  28.        ]
33 	34    	[  0.68333333  22.22      ]	[  1.11022302e-16   2.75891283e+00]	[  0.68333333  21.        ]	[  0.68333333  32.        ]
34 	32    	[  0.68333333  21.88      ]	[  1.11022302e-16   2.29468952e+00]	[  0.68333333  21.        ]	[  0.68333333  31.        ]
35 	33    	[  0.68333333  22.76      ]	[  1.11022302e-16   3.57524824e+00]	[  0.68333333  21.        ]	[  0.68333333  34.        ]
36 	24    	[  0.68333333  22.6       ]	[  1.11022302e-16   3.00665928e+00]	[  0.68333333  21.        ]	[  0.68333333  31.        ]
37 	26    	[  0.68333333  21.66      ]	[  1.11022302e-16   1.72754161e+00]	[  0.68333333  21.        ]	[  0.68333333  28.        ]
38 	33    	[  0.68333333  21.76      ]	[  1.11022302e-16   1.89272291e+00]	[  0.68333333  21.        ]	[  0.68333333  27.        ]
39 	29    	[  0.68333333  21.84      ]	[  1.11022302e-16   2.09150663e+00]	[  0.68333333  21.        ]	[  0.68333333  30.        ]
40 	18    	[  0.68333333  21.72      ]	[  1.11022302e-16   2.49831944e+00]	[  0.68333333  21.        ]	[  0.68333333  35.        ]
Number of features selected:  21
Selected features indexes are: [False False False False False False False False  True False False False
 False False False  True False False False  True False False False False
 False  True False False False False False  True False False False False
 False False False False False False False False  True False False False
 False False False False False False False False False  True False False
  True False False False False  True False False False False False False
 False False False False False  True False  True False False False False
 False False  True  True False False False False  True False False  True
 False False False False False False False False False False False False
 False  True  True False False False False False False False False False
 False False False False False False False False False False  True False
 False False  True False False False False False False False False False
 False  True  True False False False]
200
MRMR
Decision Tree classifier
Selecting features with genetic algorithm.
gen	nevals	avg                          	std                      	min                        	max                          
0  	50    	[   0.69286111  100.94      ]	[ 0.03411696  6.43866446]	[  0.62361111  87.        ]	[   0.77638889  113.        ]
1  	27    	[   0.71763889  100.86      ]	[ 0.03824794  6.23862164]	[  0.6375  85.    ]        	[   0.83055556  116.        ]
2  	28    	[  0.74561111  98.32      ]  	[ 0.04626093  6.81304631]	[  0.63611111  85.        ]	[   0.83055556  116.        ]
3  	31    	[  0.76055556  97.12      ]  	[ 0.04271912  5.46860128]	[  0.64861111  82.        ]	[   0.83055556  112.        ]
4  	25    	[  0.77213889  98.2       ]  	[ 0.03250167  3.72021505]	[  0.69583333  87.        ]	[   0.83055556  107.        ]
5  	32    	[  0.78330556  96.64      ]  	[ 0.02667316  4.02869706]	[  0.72638889  87.        ]	[   0.83194444  105.        ]
6  	19    	[  0.79616667  95.7       ]  	[ 0.03004441  4.44634682]	[  0.69444444  89.        ]	[   0.83194444  105.        ]
7  	32    	[  0.79119444  95.04      ]  	[ 0.03695552  4.15191522]	[  0.68611111  86.        ]	[   0.84166667  101.        ]
8  	25    	[  0.79983333  94.12      ]  	[ 0.02662995  4.61146398]	[  0.71805556  86.        ]	[   0.83194444  109.        ]
9  	31    	[  0.79858333  93.34      ]  	[ 0.03161971  4.434456  ]	[  0.68333333  86.        ]	[   0.85416667  100.        ]
10 	29    	[  0.80555556  92.34      ]  	[ 0.03567579  4.99443691]	[  0.70416667  84.        ]	[   0.85416667  101.        ]
11 	27    	[  0.80772222  92.36      ]  	[ 0.03474128  4.67230136]	[  0.70277778  81.        ]	[   0.85416667  100.        ]
12 	26    	[  0.80155556  91.8       ]  	[ 0.03681435  3.43511281]	[  0.70694444  86.        ]	[  0.85416667  99.        ]  
13 	23    	[  0.80466667  92.54      ]  	[ 0.03583415  3.74277972]	[  0.67083333  86.        ]	[  0.85416667  98.        ]  
14 	39    	[  0.79163889  91.62      ]  	[ 0.03691048  3.91862221]	[  0.71805556  80.        ]	[   0.85416667  100.        ]
15 	25    	[  0.80786111  92.3       ]  	[ 0.03399189  4.18210473]	[  0.72916667  83.        ]	[  0.85416667  99.        ]  
16 	31    	[  0.80227778  94.46      ]  	[ 0.03749975  3.79583983]	[  0.71666667  86.        ]	[   0.85416667  104.        ]
17 	29    	[  0.80213889  94.56      ]  	[ 0.03783514  3.19474569]	[  0.71388889  86.        ]	[   0.85416667  100.        ]
18 	28    	[  0.8025  95.06  ]          	[ 0.03659189  2.907989  ]	[  0.70555556  87.        ]	[   0.85416667  101.        ]
19 	33    	[  0.801  94.98 ]            	[ 0.03561956  3.47844793]	[  0.70416667  86.        ]	[   0.85416667  105.        ]
20 	35    	[  0.79525  95.64   ]        	[ 0.03540233  2.81254333]	[  0.69027778  87.        ]	[   0.85416667  103.        ]
21 	23    	[  0.79736111  95.02      ]  	[ 0.02998617  3.00991694]	[  0.69444444  88.        ]	[   0.85416667  103.        ]
22 	34    	[  0.79655556  94.12      ]  	[ 0.03462235  2.620229  ]	[  0.70416667  87.        ]	[  0.85416667  99.        ]  
23 	31    	[  0.79791667  94.58      ]  	[ 0.03034937  3.28688302]	[  0.71527778  87.        ]	[   0.85416667  106.        ]
24 	29    	[  0.80263889  93.74      ]  	[ 0.03174485  3.90799181]	[  0.70277778  83.        ]	[   0.85416667  100.        ]
25 	31    	[  0.80991667  92.9       ]  	[ 0.03449818  3.64554523]	[  0.73888889  85.        ]	[   0.85416667  100.        ]
26 	41    	[  0.80669444  91.56      ]  	[ 0.03312515  3.70491565]	[  0.67222222  85.        ]	[  0.85416667  99.        ]  
27 	25    	[  0.81058333  91.5       ]  	[ 0.03588593  3.51140997]	[  0.68194444  85.        ]	[  0.85416667  98.        ]  
28 	33    	[  0.81069444  92.12      ]  	[ 0.03169985  3.55325203]	[  0.70277778  86.        ]	[   0.85416667  101.        ]
29 	33    	[  0.80102778  91.74      ]  	[ 0.03838444  3.21751457]	[  0.69305556  86.        ]	[   0.85416667  102.        ]
30 	29    	[  0.81302778  91.16      ]  	[ 0.02680504  3.64614865]	[  0.74722222  84.        ]	[   0.85416667  100.        ]
31 	33    	[  0.80625  90.26   ]        	[ 0.03341454  3.2050585 ]	[  0.71527778  82.        ]	[  0.85416667  98.        ]  
32 	35    	[  0.80802778  91.24      ]  	[ 0.03208458  3.48459467]	[  0.72638889  84.        ]	[   0.85416667  100.        ]
33 	31    	[  0.80469444  92.16      ]  	[ 0.03612808  3.65710268]	[  0.69166667  84.        ]	[  0.85416667  97.        ]  
34 	25    	[  0.81547222  91.88      ]  	[ 0.02805144  3.84      ]	[  0.75277778  84.        ]	[  0.85416667  98.        ]  
35 	35    	[  0.80311111  92.24      ]  	[ 0.03109072  4.25469153]	[  0.70694444  84.        ]	[   0.85416667  101.        ]
36 	33    	[  0.80425  92.46   ]        	[ 0.03121561  3.96590469]	[  0.73888889  81.        ]	[  0.85416667  98.        ]  
37 	24    	[  0.81027778  93.32      ]  	[ 0.03070795  4.34713699]	[  0.75  81.  ]            	[   0.85416667  100.        ]
38 	28    	[  0.81236111  94.42      ]  	[ 0.03560354  3.98542344]	[  0.72638889  85.        ]	[   0.85416667  101.        ]
39 	38    	[  0.79091667  96.4       ]  	[ 0.04359183  2.71293199]	[  0.70833333  89.        ]	[   0.85416667  102.        ]
40 	34    	[  0.7895  96.32  ]          	[ 0.03773196  3.32529698]	[  0.70277778  88.        ]	[   0.85416667  103.        ]
Number of features selected:  88
Selected features indexes are: [ True False False  True False False False  True False False  True False
 False  True  True  True  True  True False  True False  True False False
 False  True  True  True  True False False False  True False  True  True
  True False False False False  True False  True  True False  True False
 False  True  True False False  True  True  True  True False False False
 False False False False False False  True  True  True False False  True
  True  True False  True False  True False False  True False  True False
  True  True False False False False False  True False False False  True
 False False  True False False  True  True False False False False False
 False  True  True False  True False False False  True False  True False
  True False  True  True False False False  True  True  True  True  True
  True False False False  True False False False False False False False
 False  True False  True  True False False  True False  True False False
  True False False False False  True  True  True  True False False  True
 False False  True False  True  True False  True False False False  True
 False False  True  True  True False  True  True False  True False False
 False  True False  True  True False  True  True]
svm.SVC
Selecting features with genetic algorithm.
gen	nevals	avg                          	std                                	min                        	max                          
0  	50    	[   0.68333333  102.8       ]	[  1.11022302e-16   6.04979338e+00]	[  0.68333333  85.        ]	[   0.68333333  116.        ]
1  	30    	[  0.68333333  98.84      ]  	[  1.11022302e-16   5.11609226e+00]	[  0.68333333  85.        ]	[   0.68333333  112.        ]
2  	25    	[  0.68333333  94.26      ]  	[  1.11022302e-16   4.99923994e+00]	[  0.68333333  83.        ]	[   0.68333333  105.        ]
3  	24    	[  0.68333333  90.        ]  	[  1.11022302e-16   4.89897949e+00]	[  0.68333333  83.        ]	[   0.68333333  105.        ]
4  	33    	[  0.68333333  85.92      ]  	[  1.11022302e-16   3.72472818e+00]	[  0.68333333  79.        ]	[  0.68333333  94.        ]  
5  	39    	[  0.68333333  83.28      ]  	[  1.11022302e-16   4.66064373e+00]	[  0.68333333  72.        ]	[  0.68333333  96.        ]  
6  	24    	[  0.68333333  79.7       ]  	[  1.11022302e-16   4.17252921e+00]	[  0.68333333  69.        ]	[  0.68333333  88.        ]  
7  	27    	[  0.68333333  76.08      ]  	[  1.11022302e-16   4.70676109e+00]	[  0.68333333  68.        ]	[  0.68333333  89.        ]  
8  	31    	[  0.68333333  72.82      ]  	[  1.11022302e-16   3.45653005e+00]	[  0.68333333  66.        ]	[  0.68333333  83.        ]  
9  	32    	[  0.68333333  70.9       ]  	[  1.11022302e-16   3.71079506e+00]	[  0.68333333  65.        ]	[  0.68333333  83.        ]  
10 	34    	[  0.68333333  68.78      ]  	[  1.11022302e-16   3.25139970e+00]	[  0.68333333  59.        ]	[  0.68333333  76.        ]  
11 	35    	[  0.68333333  67.2       ]  	[  1.11022302e-16   3.19374388e+00]	[  0.68333333  59.        ]	[  0.68333333  74.        ]  
12 	32    	[  0.68333333  65.96      ]  	[  1.11022302e-16   3.16834342e+00]	[  0.68333333  60.        ]	[  0.68333333  74.        ]  
13 	29    	[  0.68333333  63.96      ]  	[  1.11022302e-16   3.36428298e+00]	[  0.68333333  57.        ]	[  0.68333333  74.        ]  
14 	35    	[  0.68333333  62.24      ]  	[  1.11022302e-16   3.43837171e+00]	[  0.68333333  54.        ]	[  0.68333333  73.        ]  
15 	26    	[  0.68333333  60.38      ]  	[  1.11022302e-16   2.95221950e+00]	[  0.68333333  54.        ]	[  0.68333333  69.        ]  
16 	31    	[  0.68333333  58.52      ]  	[  1.11022302e-16   3.83791610e+00]	[  0.68333333  50.        ]	[  0.68333333  70.        ]  
17 	32    	[  0.68333333  56.5       ]  	[  1.11022302e-16   3.39558537e+00]	[  0.68333333  49.        ]	[  0.68333333  65.        ]  
18 	38    	[  0.68333333  53.58      ]  	[  1.11022302e-16   3.61712593e+00]	[  0.68333333  46.        ]	[  0.68333333  60.        ]  
19 	30    	[  0.68333333  51.96      ]  	[  1.11022302e-16   4.34952871e+00]	[  0.68333333  40.        ]	[  0.68333333  66.        ]  
20 	23    	[  0.68333333  49.82      ]  	[  1.11022302e-16   3.97336130e+00]	[  0.68333333  42.        ]	[  0.68333333  63.        ]  
21 	35    	[  0.68333333  48.6       ]  	[  1.11022302e-16   4.26614580e+00]	[  0.68333333  42.        ]	[  0.68333333  65.        ]  
22 	28    	[  0.68333333  46.2       ]  	[  1.11022302e-16   3.32264955e+00]	[  0.68333333  40.        ]	[  0.68333333  57.        ]  
23 	27    	[  0.68333333  44.3       ]  	[  1.11022302e-16   2.98831056e+00]	[  0.68333333  39.        ]	[  0.68333333  51.        ]  
24 	29    	[  0.68333333  43.08      ]  	[  1.11022302e-16   3.31565981e+00]	[  0.68333333  39.        ]	[  0.68333333  53.        ]  
25 	32    	[  0.68333333  42.        ]  	[  1.11022302e-16   3.55527777e+00]	[  0.68333333  37.        ]	[  0.68333333  54.        ]  
26 	25    	[  0.68333333  40.54      ]  	[  1.11022302e-16   3.66720602e+00]	[  0.68333333  37.        ]	[  0.68333333  56.        ]  
27 	28    	[  0.68333333  39.98      ]  	[  1.11022302e-16   3.54677318e+00]	[  0.68333333  36.        ]	[  0.68333333  51.        ]  
28 	37    	[  0.68333333  39.08      ]  	[  1.11022302e-16   2.93829883e+00]	[  0.68333333  35.        ]	[  0.68333333  48.        ]  
29 	30    	[  0.68333333  38.52      ]  	[  1.11022302e-16   3.25723809e+00]	[  0.68333333  35.        ]	[  0.68333333  48.        ]  
30 	31    	[  0.68333333  37.46      ]  	[  1.11022302e-16   2.99472870e+00]	[  0.68333333  33.        ]	[  0.68333333  47.        ]  
31 	27    	[  0.68333333  36.26      ]  	[  1.11022302e-16   2.81289886e+00]	[  0.68333333  32.        ]	[  0.68333333  46.        ]  
32 	23    	[  0.68333333  35.32      ]  	[  1.11022302e-16   2.49351158e+00]	[  0.68333333  32.        ]	[  0.68333333  45.        ]  
33 	33    	[  0.68333333  34.86      ]  	[  1.11022302e-16   3.09845123e+00]	[  0.68333333  31.        ]	[  0.68333333  45.        ]  
34 	35    	[  0.68333333  35.3       ]  	[  1.11022302e-16   4.21070065e+00]	[  0.68333333  31.        ]	[  0.68333333  51.        ]  
35 	32    	[  0.68333333  34.88      ]  	[  1.11022302e-16   4.10677489e+00]	[  0.68333333  31.        ]	[  0.68333333  49.        ]  
36 	39    	[  0.68333333  34.04      ]  	[  1.11022302e-16   3.74678529e+00]	[  0.68333333  30.        ]	[  0.68333333  46.        ]  
37 	30    	[  0.68333333  33.08      ]  	[  1.11022302e-16   3.41666504e+00]	[  0.68333333  29.        ]	[  0.68333333  42.        ]  
38 	29    	[  0.68333333  32.74      ]  	[  1.11022302e-16   3.94872131e+00]	[  0.68333333  29.        ]	[  0.68333333  45.        ]  
39 	30    	[  0.68333333  31.64      ]  	[  1.11022302e-16   2.76231787e+00]	[  0.68333333  29.        ]	[  0.68333333  40.        ]  
40 	34    	[  0.68333333  31.54      ]  	[  1.11022302e-16   3.20755358e+00]	[  0.68333333  29.        ]	[  0.68333333  43.        ]  
Number of features selected:  29
Selected features indexes are: [ True False  True  True False False  True False False  True False False
 False False  True False False False  True  True False  True  True False
 False False False False False False False False False False False False
 False False False False  True False False False False False False False
 False False False False False False  True False False False False  True
 False False False False False False False False  True False False False
 False  True False False False False False  True False False False False
  True False False False False False  True False False False False False
  True False False False False False False False False False False False
 False False False  True False False False  True False  True False False
 False False False False False False False False False False False False
 False False False False False False  True False False False  True False
 False False False False False False False False False False  True False
 False False False False False False False  True False False False False
 False False False False False False False False False False False False
 False False False  True False False False False False False False  True
 False False False False False False False  True]
250
MRMR
Decision Tree classifier
Selecting features with genetic algorithm.
gen	nevals	avg                          	std                      	min                          	max                          
0  	50    	[   0.69369444  126.3       ]	[ 0.04772058  8.8096538 ]	[   0.58055556  108.        ]	[   0.83055556  144.        ]
1  	28    	[   0.71958333  124.34      ]	[ 0.03495174  6.95301374]	[   0.63611111  114.        ]	[   0.81944444  141.        ]
2  	27    	[   0.72691667  124.36      ]	[ 0.03620489  7.19377509]	[   0.60555556  110.        ]	[   0.79444444  141.        ]
3  	27    	[   0.73433333  124.66      ]	[ 0.03787777  6.58060787]	[   0.6125  110.    ]        	[   0.79722222  135.        ]
4  	33    	[   0.74591667  124.18      ]	[ 0.03565136  8.4491183 ]	[   0.68194444  110.        ]	[   0.81944444  137.        ]
5  	28    	[   0.75302778  126.26      ]	[ 0.03286675  9.45898515]	[   0.68055556  107.        ]	[   0.79722222  141.        ]
6  	31    	[   0.74647222  128.48      ]	[ 0.04060899  8.13446987]	[   0.64861111  107.        ]	[   0.79722222  140.        ]
7  	29    	[   0.74805556  128.        ]	[ 0.04312539  8.1240384 ]	[   0.64861111  107.        ]	[   0.79722222  139.        ]
8  	38    	[   0.74608333  126.64      ]	[ 0.03480733  8.89889881]	[   0.67916667  107.        ]	[   0.80833333  145.        ]
9  	26    	[   0.75777778  126.3       ]	[ 0.03117924  7.99312204]	[   0.67916667  108.        ]	[   0.80416667  138.        ]
10 	31    	[   0.74641667  127.58      ]	[ 0.03624664  6.49335044]	[   0.66944444  110.        ]	[   0.80416667  137.        ]
11 	35    	[   0.74630556  126.52      ]	[ 0.03071626  6.00746203]	[   0.66805556  114.        ]	[   0.79722222  138.        ]
12 	32    	[   0.74697222  124.38      ]	[ 0.03051853  7.3942951 ]	[   0.65972222  109.        ]	[   0.79166667  141.        ]
13 	36    	[   0.75602778  122.08      ]	[ 0.03101997  7.32622686]	[   0.69027778  108.        ]	[   0.83055556  142.        ]
14 	32    	[   0.76613889  120.3       ]	[ 0.03775928  6.62495283]	[   0.68194444  107.        ]	[   0.83055556  138.        ]
15 	24    	[   0.78702778  119.04      ]	[ 0.03250072  5.97648726]	[   0.68194444  107.        ]	[   0.85138889  135.        ]
16 	30    	[   0.79008333  114.96      ]	[ 0.03208425  4.48535394]	[   0.71944444  105.        ]	[   0.85138889  124.        ]
17 	24    	[   0.79813889  113.38      ]	[ 0.02246158  3.94405882]	[   0.75972222  107.        ]	[   0.85138889  122.        ]
18 	31    	[   0.79463889  113.08      ]	[ 0.03396282  4.88196682]	[   0.71666667  103.        ]	[   0.85138889  125.        ]
19 	29    	[   0.80611111  112.18      ]	[ 0.02909382  4.01840764]	[   0.71944444  103.        ]	[   0.85138889  127.        ]
20 	31    	[   0.80669444  111.86      ]	[ 0.02948463  3.63873604]	[   0.725  104.   ]          	[   0.86527778  122.        ]
21 	28    	[   0.81480556  110.78      ]	[ 0.03134413  3.70021621]	[   0.69583333  104.        ]	[   0.88611111  120.        ]
22 	30    	[   0.81733333  111.9       ]	[ 0.03481348  3.37194306]	[   0.74027778  105.        ]	[   0.88611111  123.        ]
23 	26    	[   0.82183333  111.3       ]	[ 0.02687999  2.87923601]	[   0.7625  103.    ]        	[   0.88611111  116.        ]
24 	29    	[   0.82180556  111.62      ]	[ 0.03228831  2.58371825]	[   0.73888889  106.        ]	[   0.88888889  116.        ]
25 	25    	[   0.81772222  111.58      ]	[ 0.04621605  2.75019999]	[   0.64722222  106.        ]	[   0.88888889  116.        ]
26 	32    	[   0.82538889  112.24      ]	[ 0.02687999  2.59661318]	[   0.77083333  105.        ]	[   0.88888889  118.        ]
27 	29    	[   0.82619444  113.22      ]	[ 0.0329117   2.58681271]	[   0.75  105.  ]            	[   0.88888889  120.        ]
28 	34    	[   0.82527778  114.12      ]	[ 0.03089958  2.98422519]	[   0.75277778  107.        ]	[   0.88888889  125.        ]
29 	28    	[   0.82741667  113.5       ]	[ 0.03733276  2.45153013]	[   0.72638889  107.        ]	[   0.88888889  119.        ]
30 	24    	[   0.82652778  113.72      ]	[ 0.03542102  2.87777692]	[   0.7375  109.    ]        	[   0.88888889  122.        ]
31 	32    	[   0.82358333  113.5       ]	[ 0.03898647  4.05585996]	[   0.68055556  105.        ]	[   0.88888889  125.        ]
32 	32    	[   0.81722222  113.52      ]	[ 0.03602126  4.14844549]	[   0.72777778  103.        ]	[   0.88888889  124.        ]
33 	35    	[   0.81722222  113.66      ]	[ 0.02985691  4.15504513]	[   0.72777778  105.        ]	[   0.86527778  125.        ]
34 	24    	[   0.82086111  113.12      ]	[ 0.02875166  4.02313311]	[   0.75138889  104.        ]	[   0.86527778  125.        ]
35 	29    	[   0.82136111  112.72      ]	[ 0.03075176  3.8316576 ]	[   0.69444444  108.        ]	[   0.87777778  122.        ]
36 	32    	[   0.81980556  113.96      ]	[ 0.03037803  4.26595827]	[   0.72638889  108.        ]	[   0.87777778  126.        ]
37 	22    	[   0.82313889  112.86      ]	[ 0.03479615  4.30353343]	[   0.73055556  104.        ]	[   0.87777778  124.        ]
38 	28    	[   0.82877778  113.22      ]	[ 0.03044429  3.60161075]	[   0.74722222  108.        ]	[   0.87777778  124.        ]
39 	23    	[   0.82972222  112.26      ]	[ 0.0402864   3.11647236]	[   0.66944444  107.        ]	[   0.87777778  121.        ]
40 	20    	[   0.84352778  112.76      ]	[ 0.03523905  3.01038204]	[   0.71666667  108.        ]	[   0.87777778  123.        ]
Number of features selected:  110
Selected features indexes are: [False False  True False False False False False False  True  True False
  True False False  True False  True False  True False False  True  True
 False  True  True  True False False False  True False False False  True
  True  True False False False  True False  True  True False False  True
  True False False False False  True  True  True  True  True  True False
  True False  True  True  True  True False False  True  True False False
  True False False False  True  True  True  True False False  True  True
 False False False False False False  True  True  True  True False False
 False False  True False False False False False  True  True False  True
 False False  True  True  True False  True False False False  True False
 False False  True False False False  True  True False False  True False
  True False  True False False  True False  True False False  True False
 False  True False False  True False  True False  True  True  True  True
  True  True False False  True False  True False  True False False  True
  True  True  True False  True  True False  True  True False  True False
  True  True False  True False False False False False False False False
  True False False  True False False  True False False False  True False
  True  True False  True False  True  True  True  True False  True  True
 False False False  True False False False False  True  True False False
 False  True False  True False False  True False False False False  True
  True False False False False  True False False  True False]
svm.SVC
Selecting features with genetic algorithm.
gen	nevals	avg                          	std                                	min                          	max                          
0  	50    	[   0.68333333  125.14      ]	[  1.11022302e-16   7.24985517e+00]	[   0.68333333  108.        ]	[   0.68333333  142.        ]
1  	33    	[   0.68333333  118.88      ]	[  1.11022302e-16   6.56548551e+00]	[   0.68333333  101.        ]	[   0.68333333  137.        ]
2  	31    	[   0.68333333  114.56      ]	[  1.11022302e-16   6.70569907e+00]	[  0.68333333  95.        ]  	[   0.68333333  131.        ]
3  	25    	[   0.68333333  109.08      ]	[  1.11022302e-16   6.29869828e+00]	[  0.68333333  95.        ]  	[   0.68333333  127.        ]
4  	31    	[   0.68333333  104.86      ]	[  1.11022302e-16   4.89084860e+00]	[  0.68333333  93.        ]  	[   0.68333333  116.        ]
5  	32    	[   0.68333333  100.68      ]	[  1.11022302e-16   5.06928003e+00]	[  0.68333333  88.        ]  	[   0.68333333  111.        ]
6  	29    	[  0.68333333  96.56      ]  	[  1.11022302e-16   5.19291825e+00]	[  0.68333333  87.        ]  	[   0.68333333  114.        ]
7  	34    	[  0.68333333  93.18      ]  	[  1.11022302e-16   5.13299133e+00]	[  0.68333333  81.        ]  	[   0.68333333  105.        ]
8  	28    	[  0.68333333  89.8       ]  	[  1.11022302e-16   4.22847490e+00]	[  0.68333333  81.        ]  	[   0.68333333  103.        ]
9  	39    	[  0.68333333  86.7       ]  	[  1.11022302e-16   4.41927596e+00]	[  0.68333333  79.        ]  	[  0.68333333  96.        ]  
10 	32    	[  0.68333333  84.24      ]  	[  1.11022302e-16   4.32000000e+00]	[  0.68333333  78.        ]  	[  0.68333333  97.        ]  
11 	31    	[  0.68333333  81.86      ]  	[  1.11022302e-16   4.03489777e+00]	[  0.68333333  75.        ]  	[  0.68333333  96.        ]  
12 	35    	[  0.68333333  80.5       ]  	[  1.11022302e-16   3.89486842e+00]	[  0.68333333  71.        ]  	[  0.68333333  92.        ]  
13 	32    	[  0.68333333  78.68      ]  	[  1.11022302e-16   3.86491915e+00]	[  0.68333333  68.        ]  	[  0.68333333  86.        ]  
14 	31    	[  0.68333333  76.34      ]  	[  1.11022302e-16   5.27488388e+00]	[  0.68333333  64.        ]  	[  0.68333333  91.        ]  
15 	28    	[  0.68333333  73.02      ]  	[  1.11022302e-16   4.63676611e+00]	[  0.68333333  67.        ]  	[  0.68333333  82.        ]  
16 	28    	[  0.68333333  70.18      ]  	[  1.11022302e-16   4.41674088e+00]	[  0.68333333  60.        ]  	[  0.68333333  82.        ]  
17 	22    	[  0.68333333  67.64      ]  	[  1.11022302e-16   4.58152813e+00]	[  0.68333333  60.        ]  	[  0.68333333  83.        ]  
18 	19    	[  0.68333333  64.98      ]  	[  1.11022302e-16   3.14636298e+00]	[  0.68333333  59.        ]  	[  0.68333333  77.        ]  
19 	32    	[  0.68333333  64.        ]  	[  1.11022302e-16   4.55631430e+00]	[  0.68333333  54.        ]  	[  0.68333333  75.        ]  
20 	35    	[  0.68333333  62.06      ]  	[  1.11022302e-16   4.67508289e+00]	[  0.68333333  54.        ]  	[  0.68333333  76.        ]  
21 	32    	[  0.68333333  60.5       ]  	[  1.11022302e-16   4.78852796e+00]	[  0.68333333  53.        ]  	[  0.68333333  73.        ]  
22 	38    	[  0.68333333  57.98      ]  	[  1.11022302e-16   5.19418906e+00]	[  0.68333333  50.        ]  	[  0.68333333  74.        ]  
23 	29    	[  0.68333333  56.44      ]  	[  1.11022302e-16   5.39688799e+00]	[  0.68333333  47.        ]  	[  0.68333333  74.        ]  
24 	28    	[  0.68333333  54.16      ]  	[  1.11022302e-16   4.95322117e+00]	[  0.68333333  45.        ]  	[  0.68333333  69.        ]  
25 	29    	[  0.68333333  51.64      ]  	[  1.11022302e-16   4.58589141e+00]	[  0.68333333  43.        ]  	[  0.68333333  64.        ]  
26 	30    	[  0.68333333  49.58      ]  	[  1.11022302e-16   4.34552644e+00]	[  0.68333333  42.        ]  	[  0.68333333  63.        ]  
27 	33    	[  0.68333333  47.68      ]  	[  1.11022302e-16   4.53625396e+00]	[  0.68333333  41.        ]  	[  0.68333333  61.        ]  
28 	30    	[  0.68333333  46.16      ]  	[  1.11022302e-16   4.55789425e+00]	[  0.68333333  38.        ]  	[  0.68333333  61.        ]  
29 	21    	[  0.68333333  43.34      ]  	[  1.11022302e-16   3.36814489e+00]	[  0.68333333  38.        ]  	[  0.68333333  57.        ]  
30 	32    	[  0.68333333  42.64      ]  	[  1.11022302e-16   4.37154435e+00]	[  0.68333333  37.        ]  	[  0.68333333  58.        ]  
31 	35    	[  0.68333333  41.3       ]  	[  1.11022302e-16   3.57351368e+00]	[  0.68333333  36.        ]  	[  0.68333333  53.        ]  
32 	33    	[  0.68333333  40.62      ]  	[  1.11022302e-16   4.07867626e+00]	[  0.68333333  35.        ]  	[  0.68333333  53.        ]  
33 	27    	[  0.68333333  39.42      ]  	[  1.11022302e-16   4.34092156e+00]	[  0.68333333  35.        ]  	[  0.68333333  53.        ]  
34 	30    	[  0.68333333  38.22      ]  	[  1.11022302e-16   4.00144974e+00]	[  0.68333333  35.        ]  	[  0.68333333  50.        ]  
35 	24    	[  0.68333333  37.        ]  	[  1.11022302e-16   3.38230691e+00]	[  0.68333333  33.        ]  	[  0.68333333  47.        ]  
36 	32    	[  0.68333333  37.08      ]  	[  1.11022302e-16   4.20875278e+00]	[  0.68333333  33.        ]  	[  0.68333333  51.        ]  
37 	31    	[  0.68333333  36.78      ]  	[  1.11022302e-16   4.54440315e+00]	[  0.68333333  33.        ]  	[  0.68333333  52.        ]  
38 	26    	[  0.68333333  35.74      ]  	[  1.11022302e-16   3.47453594e+00]	[  0.68333333  33.        ]  	[  0.68333333  46.        ]  
39 	40    	[  0.68333333  36.86      ]  	[  1.11022302e-16   5.16917788e+00]	[  0.68333333  32.        ]  	[  0.68333333  56.        ]  
40 	31    	[  0.68333333  36.8       ]  	[  1.11022302e-16   5.63560112e+00]	[  0.68333333  32.        ]  	[  0.68333333  53.        ]  
Number of features selected:  32
Selected features indexes are: [False False  True False False False False False False False False False
 False False False False False False False False False False False False
 False False False False False False  True False False False False False
 False False False False False False False False False False False False
 False False False False False False  True False False  True False  True
 False False False  True False False False False False False  True False
 False False False  True False False False False False  True False False
 False False False False False False False False False False False False
 False False False False False False False False  True  True False False
 False False False False False False False  True False False False False
 False False False False  True  True False False False False False False
 False  True False False  True False False False False False False False
 False  True False False False False False False False False False False
 False False False False  True False False  True False False False False
 False  True False False False False  True False False False False False
 False False  True False False False False  True  True False False False
 False False False False  True False False False False False  True False
 False False  True False False False False False False False False False
 False False False False False False False False False False False False
 False False False  True False False False False  True False False  True
 False False False  True False False False  True False False]
10
JMI
Decision Tree classifier
Selecting features with genetic algorithm.
gen	nevals	avg                      	std                      	min                      	max              
0  	50    	[ 0.79158333  5.1       ]	[ 0.05253189  1.71172428]	[ 0.70694444  2.        ]	[ 0.8875  9.    ]
1  	34    	[ 0.84177778  5.96      ]	[ 0.03994     1.39942845]	[ 0.72777778  3.        ]	[ 0.89583333  8.        ]
2  	36    	[ 0.86058333  6.1       ]	[ 0.02108348  1.3892444 ]	[ 0.78472222  3.        ]	[ 0.89861111  8.        ]
3  	24    	[ 0.87297222  6.2       ]	[ 0.01404965  1.16619038]	[ 0.84027778  4.        ]	[ 0.89861111  9.        ]
4  	29    	[ 0.87675  5.76   ]      	[ 0.01662915  1.17575508]	[ 0.79166667  4.        ]	[ 0.89861111  8.        ]
5  	36    	[ 0.8775  5.6   ]        	[ 0.01559519  1.32664992]	[ 0.83055556  3.        ]	[ 0.89861111  8.        ]
6  	31    	[ 0.88180556  4.96      ]	[ 0.0246288   1.01901914]	[ 0.75972222  3.        ]	[ 0.9  7. ]              
7  	38    	[ 0.88275  4.64   ]      	[ 0.01356878  0.9329523 ]	[ 0.84444444  3.        ]	[ 0.90972222  7.        ]
8  	23    	[ 0.88777778  4.48      ]	[ 0.02186695  0.98468269]	[ 0.76944444  3.        ]	[ 0.90972222  7.        ]
9  	30    	[ 0.8855  4.64  ]        	[ 0.01593573  0.97488461]	[ 0.84722222  3.        ]	[ 0.90972222  7.        ]
10 	27    	[ 0.88486111  4.76      ]	[ 0.02299566  0.97077289]	[ 0.76388889  2.        ]	[ 0.90972222  7.        ]
11 	30    	[ 0.88475  4.88   ]      	[ 0.01522843  0.90862534]	[ 0.85277778  4.        ]	[ 0.90972222  8.        ]
12 	30    	[ 0.88752778  4.98      ]	[ 0.01300668  0.96932967]	[ 0.86111111  4.        ]	[ 0.90972222  7.        ]
13 	23    	[ 0.89022222  4.86      ]	[ 0.01272016  0.74859869]	[ 0.86111111  4.        ]	[ 0.90972222  7.        ]
14 	32    	[ 0.89136111  4.76      ]	[ 0.01531886  0.8138796 ]	[ 0.85138889  3.        ]	[ 0.90972222  8.        ]
15 	21    	[ 0.89438889  5.02      ]	[ 0.01494579  0.54735729]	[ 0.86111111  4.        ]	[ 0.90972222  7.        ]
16 	30    	[ 0.88986111  5.02      ]	[ 0.01620721  0.37363083]	[ 0.84027778  4.        ]	[ 0.90972222  7.        ]
17 	24    	[ 0.88666667  5.        ]	[ 0.02589896  0.4472136 ]	[ 0.79444444  3.        ]	[ 0.90972222  6.        ]
18 	31    	[ 0.89113889  5.02      ]	[ 0.01748211  0.46861498]	[ 0.86111111  3.        ]	[ 0.90972222  7.        ]
19 	30    	[ 0.88005556  5.02      ]	[ 0.02388366  0.54735729]	[ 0.8  3. ]              	[ 0.90972222  6.        ]
20 	35    	[ 0.88505556  5.06      ]	[ 0.01602361  0.42      ]	[ 0.85  3.  ]            	[ 0.90972222  6.        ]
21 	22    	[ 0.89213889  5.02      ]	[ 0.01783976  0.37363083]	[ 0.83888889  3.        ]	[ 0.90972222  6.        ]
22 	32    	[ 0.89641667  5.02      ]	[ 0.01563247  0.24413111]	[ 0.86111111  4.        ]	[ 0.90972222  6.        ]
23 	24    	[ 0.89330556  5.08      ]	[ 0.01613908  0.33704599]	[ 0.86111111  4.        ]	[ 0.90972222  6.        ]
24 	23    	[ 0.89852778  4.9       ]	[ 0.01652815  0.3       ]	[ 0.86111111  4.        ]	[ 0.90972222  5.        ]
25 	32    	[ 0.88761111  4.96      ]	[ 0.02707848  0.34409301]	[ 0.76944444  4.        ]	[ 0.90972222  6.        ]
26 	32    	[ 0.88725  5.04   ]      	[ 0.02543858  0.39799497]	[ 0.77222222  4.        ]	[ 0.90972222  7.        ]
27 	27    	[ 0.89336111  5.02      ]	[ 0.01556619  0.31559468]	[ 0.87222222  4.        ]	[ 0.91111111  6.        ]
28 	33    	[ 0.89641667  4.92      ]	[ 0.01333649  0.44      ]	[ 0.86388889  3.        ]	[ 0.90972222  6.        ]
29 	28    	[ 0.89791667  5.02      ]	[ 0.01476997  0.31559468]	[ 0.85  4.  ]            	[ 0.90972222  6.        ]
30 	27    	[ 0.89291667  4.9       ]	[ 0.02127359  0.3       ]	[ 0.81666667  4.        ]	[ 0.90972222  5.        ]
31 	21    	[ 0.89272222  4.98      ]	[ 0.01910933  0.14      ]	[ 0.86111111  4.        ]	[ 0.90972222  5.        ]
32 	35    	[ 0.89666667  5.        ]	[ 0.0176055   0.34641016]	[ 0.84027778  4.        ]	[ 0.90972222  6.        ]
33 	39    	[ 0.87761111  5.02      ]	[ 0.03367377  0.24413111]	[ 0.73888889  4.        ]	[ 0.90972222  6.        ]
34 	31    	[ 0.88113889  5.        ]	[ 0.02159548  0.34641016]	[ 0.84166667  3.        ]	[ 0.90972222  6.        ]
35 	28    	[ 0.89183333  4.98      ]	[ 0.01857094  0.37363083]	[ 0.80972222  3.        ]	[ 0.90972222  6.        ]
36 	29    	[ 0.88786111  4.94      ]	[ 0.02444888  0.36932371]	[ 0.79305556  3.        ]	[ 0.90972222  6.        ]
37 	29    	[ 0.89566667  5.        ]	[ 0.01297445  0.        ]	[ 0.87361111  5.        ]	[ 0.90972222  5.        ]
38 	32    	[ 0.89141667  5.02      ]	[ 0.01492701  0.24413111]	[ 0.87222222  4.        ]	[ 0.90972222  6.        ]
39 	25    	[ 0.90241667  5.02      ]	[ 0.01203393  0.14      ]	[ 0.86111111  5.        ]	[ 0.90972222  6.        ]
40 	29    	[ 0.89936111  5.04      ]	[ 0.01522265  0.19595918]	[ 0.84861111  5.        ]	[ 0.90972222  6.        ]
Number of features selected:  4
Selected features indexes are: [ True False  True False  True False False False False  True]
svm.SVC
Selecting features with genetic algorithm.
gen	nevals	avg                      	std                                	min                      	max                      
0  	50    	[ 0.68333333  4.8       ]	[  1.11022302e-16   1.67332005e+00]	[ 0.68333333  2.        ]	[ 0.68333333  8.        ]
1  	31    	[-199.32988889    3.34      ]	[ 1400.09573016     1.40868733]    	[-10000.      0.]        	[ 0.70555556  8.        ]
2  	37    	[-199.32872222    2.62      ]	[  1.40009590e+03   1.03711137e+00]	[-10000.      0.]        	[ 0.70694444  4.        ]
3  	25    	[-199.32713889    2.02      ]	[  1.40009612e+03   7.87146746e-01]	[-10000.      0.]        	[ 0.70694444  4.        ]
4  	24    	[-199.32741667    1.74      ]	[  1.40009608e+03   7.43236167e-01]	[-10000.      0.]        	[ 0.70555556  4.        ]
5  	30    	[-599.34663889    1.62      ]	[  2.37503349e+03   7.45385806e-01]	[-10000.      0.]        	[ 0.7625  3.    ]        
6  	27    	[ 0.70519444  1.76      ]    	[ 0.02131084  0.51224994]          	[ 0.68333333  1.        ]	[ 0.7625  3.    ]        
7  	30    	[ 0.72316667  1.7       ]    	[ 0.02882129  0.60827625]          	[ 0.68333333  1.        ]	[ 0.7625  4.    ]        
8  	23    	[ 0.74477778  1.32      ]    	[ 0.028911    0.54552727]          	[ 0.68333333  1.        ]	[ 0.7625  3.    ]        
9  	29    	[-199.25769444    1.06      ]	[  1.40010604e+03   3.10483494e-01]	[-10000.      0.]        	[ 0.7625  2.    ]        
10 	28    	[-199.26066667    1.06      ]	[  1.40010562e+03   3.10483494e-01]	[-10000.      0.]        	[ 0.7625  2.    ]        
11 	24    	[-199.25794444    1.02      ]	[  1.40010601e+03   2.44131112e-01]	[-10000.      0.]        	[ 0.7625  2.    ]        
12 	29    	[ 0.76091667  1.04      ]    	[ 0.01108333  0.28      ]          	[ 0.68333333  1.        ]	[ 0.7625  3.    ]        
13 	25    	[ 0.76091667  1.02      ]    	[ 0.01108333  0.14      ]          	[ 0.68333333  1.        ]	[ 0.7625  2.    ]        
14 	23    	[ 0.75980556  1.04      ]    	[ 0.01340953  0.19595918]          	[ 0.68333333  1.        ]	[ 0.7625  2.    ]        
15 	32    	[-199.25925    1.08   ]      	[  1.40010582e+03   3.37045991e-01]	[-10000.      0.]        	[ 0.7625  2.    ]        
16 	27    	[ 0.75233333  1.2       ]    	[ 0.02549425  0.56568542]          	[ 0.68333333  1.        ]	[ 0.7625  4.    ]        
17 	28    	[-399.26958333    0.98      ]	[  1.95974089e+03   2.44131112e-01]	[-10000.      0.]        	[ 0.7625  2.    ]        
18 	28    	[ 0.76027778  1.04      ]    	[ 0.01088662  0.19595918]          	[ 0.70694444  1.        ]	[ 0.7625  2.    ]        
19 	28    	[ 0.75461111  1.1       ]    	[ 0.02498833  0.36055513]          	[ 0.6375  1.    ]        	[ 0.7625  3.    ]        
20 	26    	[ 0.75616667  1.1       ]    	[ 0.02147738  0.36055513]          	[ 0.68333333  1.        ]	[ 0.7625  3.    ]        
21 	31    	[ 0.75391667  1.14      ]    	[ 0.02354351  0.40049969]          	[ 0.68333333  1.        ]	[ 0.7625  3.    ]        
22 	28    	[ 0.75822222  1.08      ]    	[ 0.01715003  0.33704599]          	[ 0.68333333  1.        ]	[ 0.7625  3.    ]        
23 	32    	[ 0.75616667  1.12      ]    	[ 0.02018846  0.58787754]          	[ 0.68333333  1.        ]	[ 0.7625  5.    ]        
24 	32    	[-199.2575    1.06  ]        	[  1.40010607e+03   3.69323706e-01]	[-10000.      0.]        	[ 0.7625  3.    ]        
25 	32    	[ 0.75505556  1.1       ]    	[ 0.02253214  0.3       ]          	[ 0.68333333  1.        ]	[ 0.7625  2.    ]        
26 	25    	[ 0.76138889  1.02      ]    	[ 0.00777778  0.14      ]          	[ 0.70694444  1.        ]	[ 0.7625  2.    ]        
27 	32    	[-199.25275    0.98   ]      	[  1.40010675e+03   1.40000000e-01]	[-10000.      0.]        	[ 0.7625  1.    ]        
28 	32    	[ 0.75188889  1.18      ]    	[ 0.02648048  0.47707442]          	[ 0.68333333  1.        ]	[ 0.7625  3.    ]        
29 	34    	[ 0.75077778  1.2       ]    	[ 0.02716854  0.48989795]          	[ 0.68333333  1.        ]	[ 0.7625  3.    ]        
30 	27    	[ 0.76091667  1.02      ]    	[ 0.01108333  0.14      ]          	[ 0.68333333  1.        ]	[ 0.7625  2.    ]        
31 	21    	[ 0.75575  1.08   ]          	[ 0.02392602  0.33704599]          	[ 0.63888889  1.        ]	[ 0.7625  3.    ]        
32 	34    	[ 0.75819444  1.06      ]    	[ 0.01723398  0.23748684]          	[ 0.68333333  1.        ]	[ 0.7625  2.    ]        
33 	23    	[ 0.75616667  1.08      ]    	[ 0.02147738  0.2712932 ]          	[ 0.68333333  1.        ]	[ 0.7625  2.    ]        
34 	36    	[ 0.75458333  1.1       ]    	[ 0.02375  0.3    ]                	[ 0.68333333  1.        ]	[ 0.7625  2.    ]        
35 	29    	[-199.25702778    1.06      ]	[  1.40010614e+03   3.69323706e-01]	[-10000.      0.]        	[ 0.7625  3.    ]        
36 	27    	[ 0.76091667  1.02      ]    	[ 0.01108333  0.14      ]          	[ 0.68333333  1.        ]	[ 0.7625  2.    ]        
37 	33    	[-199.25544444    1.02      ]	[  1.40010637e+03   2.44131112e-01]	[-10000.      0.]        	[ 0.7625  2.    ]        
38 	30    	[ 0.75933333  1.06      ]    	[ 0.01551344  0.31048349]          	[ 0.68333333  1.        ]	[ 0.7625  3.    ]        
39 	30    	[ 0.7625  1.    ]            	[  2.22044605e-16   0.00000000e+00]	[ 0.7625  1.    ]        	[ 0.7625  1.    ]        
40 	34    	[-199.26197222    1.16      ]	[  1.40010543e+03   5.04380809e-01]	[-10000.      0.]        	[ 0.7625  3.    ]        
Number of features selected:  1
Selected features indexes are: [False False False False False False  True False False False]
50
JMI
Decision Tree classifier
